# date, mag, err_mag
-0.000 23.447080 0.212742
1.000 23.713626 0.212843
2.000 23.448422 0.213031
3.000 23.881658 0.213166
4.000 23.935920 0.213128
5.000 23.547655 0.212782
6.000 23.636104 0.212320
7.000 23.749257 0.211792
8.000 23.207877 0.211243
9.000 23.476878 0.210916
10.000 23.471385 0.210744
11.000 23.545859 0.210571
12.000 23.142953 0.210345
13.000 23.001646 0.210109
14.000 23.213807 0.209806
15.000 23.058495 0.209461
16.000 22.569489 0.209200
17.000 22.436459 0.208799
18.000 22.775263 0.208422
19.000 22.702401 0.208221
20.000 22.901793 0.208199
21.000 22.530205 0.208267
22.000 22.697185 0.208302
23.000 22.566696 0.208348
24.000 23.079060 0.208320
25.000 22.473286 0.208131
26.000 22.676094 0.207673
27.000 22.883706 0.207070
28.000 22.380266 0.206540
29.000 22.195729 0.206227
30.000 22.085043 0.206116
31.000 22.693837 0.206113
32.000 22.150294 0.206211
33.000 22.287655 0.206224
34.000 22.625621 0.206299
35.000 22.318460 0.206329
36.000 22.061776 0.206093
37.000 22.432253 0.205720
38.000 22.122471 0.205264
39.000 22.139070 0.204644
40.000 21.533568 0.203828
41.000 21.432444 0.202889
42.000 21.211332 0.201868
43.000 21.319075 0.200889
44.000 21.150398 0.200052
45.000 21.001642 0.199436
46.000 20.592499 0.198871
47.000 20.794499 0.198280
48.000 20.416531 0.197668
49.000 20.454748 0.196940
50.000 19.895945 0.196130
51.000 19.783219 0.195141
52.000 19.689877 0.194042
53.000 19.481384 0.192954
54.000 19.341841 0.192032
55.000 18.693109 0.191209
56.000 18.759781 0.190408
57.000 18.575745 0.189677
58.000 18.739485 0.189066
59.000 18.813450 0.188652
60.000 18.513365 0.188226
61.000 19.078488 0.187894
62.000 18.297931 0.187636
63.000 18.678246 0.187488
64.000 18.175645 0.187274
65.000 18.753270 0.187079
66.000 18.262636 0.186895
67.000 18.208081 0.186746
68.000 18.593484 0.186627
69.000 18.435035 0.186466
70.000 18.450910 0.186220
71.000 18.143258 0.186203
72.000 18.278425 0.186346
73.000 18.336877 0.186415
74.000 18.234536 0.186591
75.000 18.290866 0.186719
76.000 18.342340 0.186622
77.000 17.943948 0.186390
78.000 18.061313 0.186154
79.000 17.425337 0.185847
80.000 17.886648 0.185343
81.000 17.919108 0.184866
82.000 17.853553 0.184450
83.000 17.883381 0.184087
84.000 17.696173 0.183787
85.000 17.433702 0.183394
86.000 17.510283 0.183014
87.000 17.373145 0.182531
88.000 17.290059 0.182147
89.000 17.512924 0.181848
90.000 17.026400 0.181649
91.000 17.342994 0.181495
92.000 17.365994 0.181396
93.000 17.199401 0.181323
94.000 17.221435 0.181348
95.000 17.280378 0.181453
96.000 17.531994 0.181585
97.000 17.365967 0.181688
98.000 17.584422 0.181642
99.000 17.080098 0.181446
100.000 16.876448 0.181419
101.000 17.141507 0.181522
102.000 17.141996 0.181676
103.000 17.492614 0.181858
104.000 17.698391 0.182153
105.000 17.559853 0.182414
106.000 17.376630 0.182778
107.000 17.797906 0.183251
108.000 17.394182 0.183714
109.000 17.746034 0.184068
110.000 17.547969 0.183993
111.000 17.912079 0.183600
112.000 17.573910 0.182852
113.000 17.444748 0.182126
114.000 17.423793 0.181502
115.000 16.875081 0.180892
116.000 17.094935 0.180494
117.000 17.177676 0.180190
118.000 16.988567 0.180007
119.000 16.987133 0.179813
120.000 16.810223 0.179687
121.000 16.525125 0.179606
122.000 16.871058 0.179492
123.000 16.719761 0.179178
124.000 16.776224 0.178809
125.000 16.641277 0.178542
126.000 16.684386 0.178360
127.000 16.820723 0.178255
128.000 16.629331 0.178105
129.000 16.821891 0.178012
130.000 16.760277 0.178011
131.000 16.470126 0.177851
132.000 16.427225 0.177334
133.000 16.452545 0.176715
134.000 16.222862 0.175964
135.000 16.244847 0.175456
136.000 16.107629 0.175099
137.000 15.952902 0.174961
138.000 16.168583 0.174915
139.000 16.252628 0.175116
140.000 16.010703 0.175503
141.000 16.067931 0.175707
142.000 16.039669 0.175560
143.000 16.239660 0.175129
144.000 16.345174 0.174572
145.000 15.520104 0.174197
146.000 15.732653 0.173954
147.000 15.915843 0.173667
148.000 15.815536 0.173493
149.000 15.862106 0.173379
150.000 15.740129 0.173534
151.000 16.109891 0.173924
152.000 16.123062 0.174653
153.000 16.218662 0.175425
154.000 16.405947 0.176216
155.000 16.579844 0.176946
156.000 16.355739 0.177646
157.000 16.611530 0.178088
158.000 16.661843 0.178347
159.000 16.548500 0.178415
160.000 17.113370 0.178521
161.000 16.406141 0.178545
162.000 17.047342 0.178483
163.000 16.518247 0.178408
164.000 16.917331 0.178155
165.000 16.626142 0.178028
166.000 16.606325 0.178115
167.000 16.475748 0.178298
168.000 16.691984 0.178543
169.000 16.679357 0.178822
170.000 16.881405 0.179031
171.000 16.673438 0.179399
172.000 16.846317 0.179882
173.000 16.566101 0.180455
174.000 17.133469 0.181030
175.000 17.412404 0.181558
176.000 17.157490 0.181943
177.000 17.599823 0.182311
178.000 17.750247 0.182701
179.000 17.494412 0.182939
180.000 17.615619 0.183190
181.000 17.920744 0.183468
182.000 17.434225 0.183696
183.000 17.820489 0.183746
184.000 17.680743 0.183665
185.000 17.558098 0.183464
186.000 17.237054 0.183321
187.000 17.715476 0.183055
188.000 17.512791 0.182648
189.000 17.421715 0.182141
190.000 17.285015 0.181641
191.000 17.193010 0.181088
192.000 16.835273 0.180353
193.000 16.758047 0.179521
194.000 16.865759 0.178811
195.000 16.584019 0.178216
196.000 16.484043 0.177503
197.000 16.360802 0.176830
198.000 16.411644 0.176271
199.000 16.399518 0.175851
200.000 16.151244 0.175653
201.000 16.559734 0.175501
202.000 16.392783 0.175650
203.000 16.203962 0.175978
204.000 16.391649 0.176359
205.000 16.304149 0.176660
206.000 16.385275 0.176883
207.000 16.700743 0.177231
208.000 16.665970 0.177806
209.000 16.734589 0.178540
210.000 17.036047 0.179024
211.000 16.683258 0.179122
212.000 16.823618 0.179069
213.000 17.149322 0.179020
214.000 16.717841 0.179017
215.000 16.525514 0.178854
216.000 16.986380 0.178781
217.000 16.562285 0.178801
218.000 16.877134 0.178787
219.000 16.547898 0.178684
220.000 16.717672 0.178695
221.000 16.622575 0.178802
222.000 16.806210 0.178776
223.000 17.116822 0.178479
224.000 16.576495 0.178041
225.000 16.475268 0.177585
226.000 16.440944 0.177268
227.000 16.503123 0.176975
228.000 16.692085 0.176723
229.000 16.397374 0.176562
230.000 16.131143 0.176316
231.000 16.480776 0.176167
232.000 15.927915 0.176024
233.000 16.017204 0.175633
234.000 15.964528 0.175016
235.000 16.084437 0.174275
236.000 15.704771 0.173638
237.000 15.678175 0.173182
238.000 15.821345 0.173130
239.000 15.869622 0.173534
360.000 19.653885 0.192474
361.000 19.546515 0.192708
362.000 19.224105 0.192939
363.000 19.463818 0.193176
364.000 19.456418 0.193401
365.000 19.778311 0.193664
366.000 19.688543 0.194022
367.000 19.879660 0.194339
368.000 19.686644 0.194417
369.000 19.560053 0.194550
370.000 20.088754 0.194561
371.000 19.534012 0.194636
372.000 20.181562 0.194680
373.000 19.977940 0.194720
374.000 20.232959 0.194803
375.000 20.055058 0.195042
376.000 20.116319 0.195181
377.000 20.254386 0.195241
378.000 20.062279 0.195145
379.000 19.655475 0.195037
380.000 19.782474 0.194846
381.000 19.624250 0.194493
382.000 19.446245 0.194096
383.000 19.853025 0.193754
384.000 19.709426 0.193593
385.000 19.599747 0.193806
386.000 19.893326 0.194107
387.000 19.505822 0.194474
388.000 20.147198 0.194996
389.000 20.051813 0.195473
390.000 19.912036 0.195914
391.000 20.607138 0.196359
392.000 20.246515 0.196657
393.000 20.072835 0.196876
394.000 20.194526 0.197083
395.000 20.263187 0.197288
396.000 20.421013 0.197337
397.000 20.659375 0.197458
398.000 20.693448 0.197537
399.000 20.265940 0.197464
400.000 20.439054 0.197394
401.000 20.302825 0.197433
402.000 20.279932 0.197611
403.000 20.514148 0.197658
404.000 20.573862 0.197721
405.000 20.583491 0.197804
406.000 20.707137 0.197826
407.000 20.745298 0.197941
408.000 20.583618 0.198164
409.000 20.688516 0.198237
410.000 20.861382 0.198103
411.000 20.788341 0.197960
412.000 20.664827 0.197849
413.000 20.663023 0.197896
414.000 20.592739 0.197841
415.000 20.694343 0.197718
416.000 20.529890 0.197634
417.000 20.562386 0.197616
418.000 20.245861 0.197577
419.000 20.257936 0.197618
420.000 20.519204 0.197694
421.000 20.435384 0.197621
422.000 20.616181 0.197470
423.000 20.568216 0.197400
424.000 20.615937 0.197549
425.000 20.495784 0.197859
426.000 20.072885 0.198155
427.000 20.812881 0.198299
428.000 20.797982 0.198432
429.000 20.955875 0.198573
430.000 20.812221 0.198744
431.000 20.696992 0.198875
432.000 20.472422 0.199024
433.000 21.022097 0.199157
434.000 21.201618 0.199292
435.000 20.694070 0.199357
436.000 21.081758 0.199294
437.000 21.005128 0.198968
438.000 20.658409 0.198751
439.000 20.867412 0.198959
440.000 20.999454 0.199602
441.000 21.096054 0.200377
442.000 21.188262 0.201248
443.000 21.137789 0.201874
444.000 21.385235 0.202350
445.000 21.275151 0.202828
446.000 21.249449 0.203224
447.000 21.371688 0.203561
448.000 21.457108 0.203750
449.000 21.734452 0.203920
450.000 21.257613 0.204013
451.000 21.752826 0.203921
452.000 21.950918 0.203770
453.000 21.768397 0.203634
454.000 21.905685 0.203579
455.000 21.559564 0.203612
456.000 21.612502 0.203716
457.000 21.398917 0.203869
458.000 22.075849 0.204040
459.000 22.042424 0.204162
460.000 22.062490 0.204234
461.000 21.512482 0.204403
462.000 21.994243 0.204649
463.000 22.121049 0.204984
464.000 21.809851 0.205256
465.000 22.204429 0.205512
466.000 22.211587 0.205827
467.000 22.188946 0.206007
468.000 22.281456 0.206175
469.000 22.689662 0.206361
470.000 22.497657 0.206530
471.000 22.321873 0.206815
472.000 22.595208 0.207073
473.000 22.521154 0.207256
474.000 22.661977 0.207249
475.000 22.471750 0.207050
476.000 22.388457 0.206784
477.000 22.588189 0.206444
478.000 22.145215 0.205933
479.000 22.300077 0.205338
480.000 22.193544 0.204650
481.000 21.802619 0.203925
482.000 21.642144 0.203193
483.000 21.540241 0.202702
484.000 21.427993 0.202393
485.000 21.713285 0.202148
486.000 21.405492 0.201980
487.000 21.269040 0.201757
488.000 21.390670 0.201581
489.000 21.218649 0.201434
490.000 21.319563 0.201304
491.000 21.331416 0.201225
492.000 21.296958 0.201192
493.000 21.309356 0.201154
494.000 21.094439 0.201235
495.000 21.202006 0.201389
496.000 21.518137 0.201561
497.000 21.320659 0.201691
498.000 21.341322 0.201733
499.000 21.280908 0.201573
500.000 21.313182 0.201268
501.000 20.948174 0.200968
502.000 21.048262 0.200658
503.000 20.868829 0.200230
504.000 21.160940 0.199840
505.000 21.053505 0.199508
506.000 20.954395 0.199259
507.000 20.453376 0.199056
508.000 20.496828 0.198826
509.000 20.706117 0.198525
510.000 20.760139 0.198133
511.000 20.402942 0.197603
512.000 20.560145 0.197054
513.000 20.146456 0.196576
514.000 20.348043 0.196104
515.000 20.029576 0.195548
516.000 20.043756 0.194897
517.000 19.956449 0.194439
518.000 19.797177 0.194140
519.000 19.812659 0.193836
520.000 20.113057 0.193545
521.000 19.664465 0.193265
522.000 19.563261 0.193054
523.000 19.634854 0.192947
524.000 19.375210 0.192939
525.000 19.413238 0.193022
526.000 19.639981 0.193214
527.000 19.525676 0.193382
528.000 19.764763 0.193500
529.000 19.753492 0.193402
530.000 19.468933 0.193088
531.000 19.316245 0.192719
532.000 19.434723 0.192248
533.000 19.013449 0.191678
534.000 18.972100 0.191109
535.000 19.092370 0.190529
536.000 18.812129 0.189863
537.000 18.836904 0.189287
538.000 18.358963 0.188727
539.000 18.531627 0.188208
540.000 18.488913 0.187613
541.000 18.237900 0.187294
542.000 18.210520 0.187275
543.000 18.326097 0.187490
544.000 18.562759 0.187775
545.000 18.436784 0.188022
546.000 18.754661 0.188177
547.000 18.713912 0.188306
548.000 18.688897 0.188397
549.000 18.719016 0.188551
550.000 18.819587 0.188767
551.000 18.685808 0.189086
552.000 18.948102 0.189637
553.000 18.819707 0.190111
554.000 19.043718 0.190431
555.000 19.017083 0.190662
556.000 19.109719 0.190760
557.000 19.308858 0.190772
558.000 19.123550 0.191073
559.000 19.256140 0.191468
560.000 19.462166 0.191797
561.000 19.096229 0.192184
562.000 19.503523 0.192609
563.000 19.468642 0.193083
564.000 19.352585 0.193383
565.000 19.831848 0.193550
566.000 19.754602 0.193654
567.000 19.869918 0.193715
568.000 19.736842 0.193790
569.000 19.778104 0.193888
570.000 19.930439 0.194084
571.000 19.721149 0.194255
572.000 19.666458 0.194492
573.000 19.874195 0.194625
574.000 19.671736 0.194731
575.000 19.936396 0.194743
576.000 19.583863 0.194653
577.000 20.081999 0.194639
578.000 19.878385 0.194743
579.000 19.865020 0.194991
580.000 20.039611 0.195252
581.000 20.052312 0.195454
582.000 20.406604 0.195493
583.000 20.244925 0.195209
584.000 19.828710 0.194758
585.000 19.741361 0.194248
586.000 19.243709 0.194036
587.000 19.791280 0.194079
588.000 19.782138 0.194121
589.000 19.491805 0.194370
590.000 19.807863 0.194978
591.000 19.989160 0.195622
592.000 20.043798 0.196191
593.000 20.325693 0.196718
594.000 20.861330 0.197203
595.000 20.508971 0.197606
596.000 20.562605 0.198131
597.000 20.983167 0.198688
598.000 20.484815 0.199108
599.000 20.986028 0.199503
720.000 19.326804 0.191900
721.000 19.543845 0.191880
722.000 19.150190 0.191910
723.000 19.537803 0.192024
724.000 19.416749 0.192152
725.000 19.889412 0.192121
726.000 19.443430 0.192129
727.000 19.081765 0.192251
728.000 19.386741 0.192487
729.000 19.496058 0.192702
730.000 19.230094 0.192879
731.000 19.524411 0.193024
732.000 18.979286 0.193153
733.000 19.921235 0.193364
734.000 19.505465 0.193602
735.000 19.507670 0.193798
736.000 19.590609 0.193930
737.000 19.787410 0.194135
738.000 19.509017 0.194384
739.000 19.999102 0.194682
740.000 19.749902 0.194858
741.000 19.588159 0.194837
742.000 19.796703 0.194797
743.000 19.910674 0.194836
744.000 19.895275 0.194892
745.000 19.945291 0.195033
746.000 19.683491 0.195238
747.000 20.041326 0.195349
748.000 19.929502 0.195459
749.000 20.141552 0.195541
750.000 20.366321 0.195611
751.000 19.975037 0.195673
752.000 20.066195 0.195881
753.000 20.078688 0.196117
754.000 19.840181 0.196271
755.000 20.127887 0.196316
756.000 19.968991 0.196241
757.000 20.667508 0.196178
758.000 20.163433 0.196327
759.000 20.365959 0.196498
760.000 20.292638 0.196656
761.000 20.017502 0.196656
762.000 20.302063 0.196509
763.000 20.104721 0.196415
764.000 20.243557 0.196436
765.000 20.220857 0.196550
766.000 20.320307 0.196675
767.000 20.232025 0.196836
768.000 20.198359 0.197015
769.000 20.410642 0.197213
770.000 20.322860 0.197205
771.000 20.504365 0.197193
772.000 20.409968 0.197124
773.000 20.113569 0.196875
774.000 19.919244 0.196611
775.000 20.255995 0.196339
776.000 19.734737 0.195863
777.000 20.029980 0.195360
778.000 19.662671 0.194973
779.000 19.616349 0.194674
780.000 20.307952 0.194472
781.000 19.699495 0.194126
782.000 19.837996 0.193657
783.000 19.410112 0.193078
784.000 19.317570 0.192379
785.000 19.211061 0.191549
786.000 18.919129 0.190729
787.000 19.180463 0.189935
788.000 18.641045 0.189137
789.000 18.628950 0.188595
790.000 18.806121 0.188382
791.000 18.414570 0.188322
792.000 18.733966 0.188255
793.000 18.413361 0.188329
794.000 18.752776 0.188524
795.000 18.437213 0.188781
796.000 18.683101 0.189036
797.000 18.535434 0.189382
798.000 18.851237 0.189837
799.000 19.093916 0.190167
800.000 18.956675 0.190368
801.000 19.087443 0.190485
802.000 19.210230 0.190631
803.000 19.160877 0.190904
804.000 19.049432 0.191174
805.000 19.214994 0.191540
806.000 19.128472 0.191901
807.000 19.459274 0.192440
808.000 19.311659 0.192779
809.000 19.761888 0.192874
810.000 19.362121 0.192953
811.000 19.134022 0.193019
812.000 19.603210 0.193069
813.000 19.449834 0.193199
814.000 19.841462 0.193722
815.000 19.940407 0.194255
816.000 19.731215 0.194691
817.000 19.755698 0.195061
818.000 20.110350 0.195336
819.000 20.327547 0.195443
820.000 19.995205 0.195405
821.000 19.959645 0.195189
822.000 19.748041 0.194811
823.000 20.111734 0.194535
824.000 19.712850 0.194303
825.000 19.768924 0.194077
826.000 19.699411 0.193672
827.000 19.828365 0.193172
828.000 19.417792 0.192743
829.000 19.528324 0.192387
830.000 19.453040 0.192104
831.000 19.631593 0.192025
832.000 19.428481 0.192107
833.000 19.675295 0.192167
834.000 19.520470 0.192195
835.000 19.264014 0.192141
836.000 19.421219 0.192112
837.000 19.445966 0.192227
838.000 19.309987 0.192352
839.000 19.722327 0.192398
840.000 19.468697 0.192319
841.000 19.310270 0.192215
842.000 19.255717 0.192125
843.000 19.239056 0.192095
844.000 19.336961 0.192256
845.000 18.926924 0.192306
846.000 19.184725 0.192341
847.000 19.380761 0.192352
848.000 18.873359 0.192450
849.000 19.773363 0.192667
850.000 19.369824 0.192875
851.000 19.592385 0.193025
852.000 19.541359 0.193127
853.000 19.645498 0.193205
854.000 19.643537 0.193285
855.000 19.573525 0.193583
856.000 19.723196 0.193871
857.000 19.754185 0.194203
858.000 19.832272 0.194370
859.000 19.933482 0.194649
860.000 19.994816 0.195021
861.000 20.303671 0.195282
862.000 20.172759 0.195407
863.000 19.906717 0.195460
864.000 19.959814 0.195441
865.000 19.735024 0.195239
866.000 19.740038 0.194979
867.000 19.842307 0.194647
868.000 19.937351 0.194394
869.000 19.632068 0.194003
870.000 19.801055 0.193485
871.000 19.496642 0.193056
872.000 18.996424 0.192408
873.000 18.784416 0.191844
874.000 19.285694 0.191627
875.000 19.452130 0.191505
876.000 19.582043 0.191679
877.000 19.311659 0.192081
878.000 19.418364 0.192520
879.000 19.417711 0.192907
880.000 19.414585 0.193231
881.000 19.569073 0.193443
882.000 19.372985 0.193423
883.000 19.720972 0.193339
884.000 19.762411 0.193314
885.000 19.261123 0.193371
886.000 19.821523 0.193466
887.000 19.653975 0.193670
888.000 19.700893 0.193784
889.000 19.676082 0.193778
890.000 19.804631 0.193681
891.000 19.716035 0.193591
892.000 19.401766 0.193593
893.000 19.647100 0.193667
894.000 19.686436 0.193670
895.000 19.353900 0.193688
896.000 19.541598 0.193559
897.000 19.282991 0.193327
898.000 19.420061 0.193031
899.000 19.593510 0.192702
900.000 19.453328 0.192265
901.000 19.056869 0.191929
902.000 19.175476 0.191814
903.000 18.982512 0.191869
904.000 19.456498 0.191958
905.000 19.000591 0.192052
906.000 19.142036 0.191952
907.000 19.383905 0.191662
908.000 18.970498 0.191139
909.000 19.284867 0.190640
910.000 18.466864 0.190175
911.000 19.010055 0.189905
912.000 19.146957 0.189869
913.000 19.189662 0.190109
914.000 18.898909 0.190464
915.000 19.102383 0.191071
916.000 19.428197 0.191683
917.000 19.450570 0.192220
918.000 19.234770 0.192660
919.000 19.633260 0.193069
920.000 19.835465 0.193338
921.000 20.018809 0.193432
922.000 19.839260 0.193571
923.000 19.475316 0.193616
924.000 19.895915 0.193640
925.000 19.989535 0.193707
926.000 19.811452 0.193735
927.000 19.470567 0.193754
928.000 19.760354 0.193783
929.000 19.760529 0.193933
930.000 19.965577 0.193982
931.000 19.251191 0.193973
932.000 19.890276 0.193951
933.000 19.461596 0.193936
934.000 19.736710 0.193935
935.000 19.694028 0.193813
936.000 19.737035 0.193592
937.000 19.625489 0.193383
938.000 19.715520 0.193229
939.000 19.704615 0.193275
940.000 19.966269 0.193425
941.000 19.785558 0.193574
942.000 19.576185 0.193764
943.000 19.813826 0.193834
944.000 19.967725 0.193673
945.000 19.625359 0.193464
946.000 19.639908 0.193368
947.000 19.777965 0.193642
948.000 19.852721 0.194092
949.000 19.543807 0.194664
950.000 19.812477 0.195288
951.000 19.631358 0.195877
952.000 20.132263 0.196481
953.000 20.372320 0.196919
954.000 20.578016 0.197322
955.000 20.224617 0.197814
956.000 20.659290 0.198093
957.000 20.544148 0.198227
958.000 20.660765 0.198271
959.000 20.429150 0.198274
