# date, mag, err_mag
-0.000 19.642880 0.202494
1.000 19.359443 0.202898
2.000 19.507630 0.203506
3.000 19.982074 0.204240
4.000 20.155292 0.204997
5.000 20.115723 0.205897
6.000 20.341129 0.206726
7.000 20.465590 0.207466
8.000 20.477490 0.207917
9.000 20.648470 0.208020
10.000 20.330877 0.207865
11.000 20.558754 0.207609
12.000 20.809082 0.207488
13.000 20.448990 0.207430
14.000 20.619891 0.207563
15.000 20.595975 0.207887
16.000 20.640958 0.208263
17.000 20.629506 0.209039
18.000 21.288667 0.209700
19.000 21.319767 0.210111
20.000 20.893749 0.210229
21.000 21.405212 0.210367
22.000 21.297568 0.210690
23.000 21.295182 0.210832
24.000 21.133393 0.211259
25.000 21.599765 0.211740
26.000 21.878897 0.212346
27.000 21.795056 0.213025
28.000 21.678800 0.213523
29.000 21.808154 0.213863
30.000 21.665785 0.213769
31.000 21.683159 0.213662
32.000 21.883830 0.213493
33.000 21.874239 0.213084
34.000 21.609134 0.212389
35.000 21.500875 0.211688
36.000 21.611412 0.211404
37.000 21.398836 0.211223
38.000 21.082041 0.211123
39.000 21.223177 0.211189
40.000 21.468306 0.211058
41.000 21.239724 0.210603
42.000 21.344822 0.210460
43.000 20.930191 0.210509
44.000 21.028729 0.210573
45.000 21.023287 0.210760
46.000 21.386252 0.210663
47.000 21.284863 0.210355
48.000 20.768164 0.209463
49.000 20.839353 0.208241
50.000 20.623353 0.206918
51.000 20.301744 0.205752
52.000 19.958932 0.204983
53.000 19.817548 0.204497
54.000 20.000679 0.204020
55.000 19.432694 0.203236
56.000 19.834191 0.202744
57.000 19.666897 0.202301
58.000 19.481591 0.201687
59.000 19.032878 0.201281
60.000 19.549275 0.201087
61.000 19.241115 0.201035
62.000 19.296189 0.201014
63.000 19.123144 0.200827
64.000 18.892958 0.200530
65.000 18.786787 0.200228
66.000 18.845051 0.199785
67.000 19.277856 0.199275
68.000 19.006166 0.199140
69.000 19.372667 0.199145
70.000 19.086990 0.199330
71.000 19.193263 0.199958
72.000 19.965772 0.200979
73.000 19.685054 0.202071
74.000 19.764369 0.202795
75.000 19.711090 0.203411
76.000 19.826789 0.203632
77.000 19.962751 0.203551
78.000 19.193981 0.203065
79.000 19.767571 0.202508
80.000 19.423694 0.202045
81.000 19.674157 0.201876
82.000 19.548867 0.202061
83.000 19.431829 0.202234
84.000 19.610817 0.202772
85.000 19.594329 0.203478
86.000 19.699828 0.204169
87.000 20.026131 0.205005
88.000 20.194091 0.205735
89.000 20.642650 0.206208
90.000 20.233488 0.206696
91.000 20.614235 0.207102
92.000 20.283011 0.207244
93.000 20.836678 0.207225
94.000 20.143163 0.206576
95.000 20.666247 0.205998
96.000 20.658436 0.205687
97.000 20.522098 0.205867
98.000 20.215357 0.206347
99.000 20.429607 0.206978
100.000 20.441594 0.207078
101.000 20.492708 0.207125
102.000 20.477692 0.206835
103.000 20.264703 0.206310
104.000 20.586929 0.205980
105.000 20.538594 0.205866
106.000 20.298133 0.205845
107.000 20.265895 0.205852
108.000 20.364914 0.205671
109.000 20.211779 0.205688
110.000 20.397114 0.205950
111.000 20.248089 0.206357
112.000 19.983213 0.206696
113.000 20.122697 0.206733
114.000 20.101602 0.206422
115.000 20.596145 0.205741
116.000 20.155241 0.205005
117.000 20.151648 0.204105
118.000 19.751015 0.203335
119.000 19.410273 0.202778
120.000 19.512909 0.202650
121.000 19.382188 0.202773
122.000 19.877281 0.203100
123.000 19.953514 0.203835
124.000 19.749419 0.204909
125.000 20.306055 0.205966
126.000 20.562608 0.206616
127.000 20.493695 0.207262
128.000 20.662118 0.207926
129.000 20.507922 0.208290
130.000 20.638801 0.208684
131.000 20.774977 0.208577
132.000 20.366376 0.208327
133.000 20.883688 0.208237
134.000 20.330762 0.208053
135.000 20.648786 0.208011
136.000 20.532518 0.207946
137.000 20.569487 0.207734
138.000 20.701312 0.207144
139.000 20.338551 0.206188
140.000 20.137074 0.205350
141.000 19.851045 0.204778
142.000 19.917025 0.204246
143.000 19.650785 0.203618
144.000 19.840464 0.203029
145.000 19.753276 0.202886
146.000 19.940261 0.203353
147.000 20.146175 0.204205
148.000 20.273652 0.205475
149.000 20.405636 0.206645
150.000 20.551020 0.207209
151.000 20.278993 0.207119
152.000 20.164528 0.206802
153.000 20.514393 0.206523
154.000 20.170765 0.206118
155.000 20.133383 0.205943
156.000 20.237477 0.206302
157.000 20.623955 0.206604
158.000 20.108857 0.206767
159.000 20.266120 0.207000
160.000 20.706759 0.207537
161.000 20.660885 0.208172
162.000 21.040993 0.208853
163.000 20.932008 0.209711
164.000 21.122122 0.210254
165.000 21.215120 0.210377
166.000 21.360287 0.210298
167.000 21.492229 0.210417
168.000 21.224546 0.210661
169.000 21.449027 0.210861
170.000 21.467592 0.211292
171.000 21.345976 0.211608
172.000 21.263498 0.211816
173.000 21.356312 0.211909
174.000 21.521348 0.211915
175.000 21.125996 0.211770
176.000 21.220382 0.211734
177.000 21.150675 0.211549
178.000 21.477829 0.211633
179.000 21.268631 0.211762
180.000 21.348979 0.211950
181.000 21.486097 0.212264
182.000 21.465849 0.212425
183.000 21.794867 0.212616
184.000 21.976368 0.213050
185.000 21.819610 0.213836
186.000 21.841374 0.214787
187.000 22.327398 0.215677
188.000 22.281371 0.216803
189.000 23.010827 0.218080
190.000 23.221158 0.219082
191.000 23.167660 0.219919
192.000 23.285793 0.220602
193.000 23.492518 0.220967
194.000 23.740353 0.221322
195.000 23.596746 0.221722
196.000 23.151759 0.222306
197.000 23.642776 0.222804
198.000 23.874662 0.222987
199.000 23.580517 0.223077
200.000 23.876328 0.222973
201.000 23.799048 0.222865
202.000 23.800710 0.223070
203.000 23.918804 0.223535
204.000 24.349141 0.224134
205.000 24.185420 0.224626
206.000 23.708656 0.225021
207.000 24.192471 0.225259
208.000 24.532742 0.225437
209.000 23.858927 0.225585
210.000 24.644573 0.225771
211.000 24.629190 0.226083
212.000 24.522351 0.226414
213.000 24.535752 0.226875
214.000 24.905508 0.227410
215.000 24.924458 0.227622
216.000 24.741828 0.227624
217.000 24.884744 0.227379
218.000 24.818947 0.227133
219.000 24.713197 0.227126
220.000 25.418721 0.227665
221.000 25.419506 0.228332
222.000 24.650254 0.228807
223.000 25.324218 0.229291
224.000 25.199350 0.229615
225.000 25.028384 0.229741
226.000 25.423721 0.229775
227.000 24.734917 0.229738
228.000 25.289488 0.229459
229.000 25.157318 0.228973
230.000 25.118377 0.228509
231.000 24.855166 0.228298
232.000 24.649706 0.227922
233.000 24.666021 0.227817
234.000 24.568376 0.227680
235.000 24.679163 0.227822
236.000 25.098076 0.228023
237.000 24.662433 0.228118
238.000 24.810183 0.228361
239.000 25.114718 0.228492
360.000 20.843303 0.209096
361.000 20.945771 0.209218
362.000 20.882154 0.209435
363.000 21.139738 0.209747
364.000 21.051395 0.210277
365.000 21.429427 0.210814
366.000 20.785175 0.211128
367.000 21.266757 0.210906
368.000 21.073549 0.210202
369.000 21.249714 0.209633
370.000 20.780359 0.209117
371.000 20.489924 0.208493
372.000 20.514272 0.207680
373.000 20.539373 0.206960
374.000 20.344559 0.206389
375.000 20.415926 0.206156
376.000 20.488529 0.206294
377.000 20.397557 0.206570
378.000 20.475931 0.207043
379.000 20.637355 0.207306
380.000 20.262095 0.207163
381.000 20.451080 0.206721
382.000 20.367381 0.206327
383.000 20.293690 0.205813
384.000 19.887032 0.204950
385.000 19.798796 0.204246
386.000 19.606927 0.203611
387.000 19.362511 0.202456
388.000 19.335486 0.201096
389.000 19.116119 0.200168
390.000 18.416859 0.199820
391.000 18.980654 0.200015
392.000 19.300265 0.200211
393.000 19.741056 0.200461
394.000 19.706909 0.201120
395.000 19.278629 0.201895
396.000 19.783553 0.202726
397.000 19.692190 0.203862
398.000 19.939383 0.204944
399.000 20.557008 0.205809
400.000 20.493436 0.206401
401.000 20.602748 0.206942
402.000 20.898319 0.207788
403.000 20.682923 0.208716
404.000 21.180977 0.209364
405.000 21.173370 0.210042
406.000 21.506007 0.210818
407.000 21.109833 0.211603
408.000 21.514937 0.212148
409.000 21.362555 0.212546
410.000 21.951651 0.213182
411.000 21.951283 0.213609
412.000 21.651100 0.213649
413.000 21.748714 0.213601
414.000 22.023779 0.213674
415.000 21.719935 0.213606
416.000 21.728861 0.213261
417.000 21.316061 0.213233
418.000 21.846484 0.213419
419.000 21.738808 0.213415
420.000 21.689144 0.213171
421.000 22.081601 0.212869
422.000 21.571164 0.212728
423.000 21.994315 0.212584
424.000 21.508644 0.212604
425.000 21.469309 0.212294
426.000 21.343617 0.211783
427.000 21.594042 0.211228
428.000 21.026187 0.210725
429.000 21.360010 0.210395
430.000 20.787949 0.209674
431.000 20.680949 0.208706
432.000 20.675083 0.207926
433.000 20.748364 0.207153
434.000 20.332939 0.206581
435.000 20.406833 0.206295
436.000 20.373204 0.206260
437.000 20.334525 0.205779
438.000 19.885847 0.204910
439.000 19.943971 0.203850
440.000 19.382758 0.202934
441.000 19.384451 0.202692
442.000 19.753863 0.202937
443.000 19.737664 0.203664
444.000 20.033184 0.204209
445.000 19.850744 0.204367
446.000 20.313694 0.204548
447.000 20.229992 0.204699
448.000 19.892717 0.204707
449.000 20.073116 0.205065
450.000 20.196923 0.205118
451.000 20.013205 0.205089
452.000 20.020384 0.205020
453.000 19.873475 0.204873
454.000 20.009694 0.204585
455.000 20.518584 0.204665
456.000 19.980667 0.204812
457.000 20.146348 0.204788
458.000 20.169744 0.204966
459.000 20.228914 0.205042
460.000 20.020763 0.205223
461.000 20.266205 0.205593
462.000 20.314110 0.206138
463.000 20.536030 0.206496
464.000 20.485463 0.206949
465.000 20.684866 0.207324
466.000 20.574528 0.207781
467.000 20.832882 0.208316
468.000 20.801845 0.208603
469.000 20.574370 0.208485
470.000 20.565954 0.208039
471.000 20.218221 0.207354
472.000 20.482467 0.206543
473.000 19.894582 0.205527
474.000 20.514761 0.204523
475.000 19.896233 0.203829
476.000 20.014570 0.203262
477.000 19.601039 0.202703
478.000 19.589343 0.202274
479.000 19.567899 0.202192
480.000 20.028754 0.202443
481.000 19.754117 0.202559
482.000 19.477401 0.202758
483.000 19.801326 0.202777
484.000 19.818971 0.203039
485.000 19.759003 0.203358
486.000 20.193433 0.203732
487.000 19.766662 0.204192
488.000 20.190948 0.204506
489.000 20.210406 0.204932
490.000 20.486300 0.205482
491.000 20.514030 0.206438
492.000 20.622446 0.207518
493.000 20.340783 0.207750
494.000 20.521835 0.207681
495.000 20.517601 0.207644
496.000 20.664462 0.207964
497.000 20.860240 0.208325
498.000 20.795840 0.208478
499.000 20.544545 0.208182
500.000 20.576391 0.207907
501.000 20.744674 0.207872
502.000 20.472771 0.207518
503.000 20.671740 0.207298
504.000 20.235235 0.207271
505.000 20.746738 0.206777
506.000 20.265278 0.206364
507.000 20.505941 0.206291
508.000 20.285599 0.206418
509.000 20.246330 0.206664
510.000 20.626554 0.207165
511.000 20.573175 0.207426
512.000 20.385087 0.207566
513.000 20.248702 0.207106
514.000 20.816700 0.206663
515.000 20.015604 0.205932
516.000 19.634340 0.205059
517.000 20.217894 0.204386
518.000 19.664001 0.204200
519.000 19.707403 0.204191
520.000 19.882613 0.204378
521.000 20.293486 0.204932
522.000 20.319790 0.205298
523.000 20.246134 0.205462
524.000 19.748428 0.205251
525.000 20.147665 0.205186
526.000 20.148307 0.204827
527.000 20.267383 0.203902
528.000 19.777325 0.202946
529.000 19.497541 0.202220
530.000 19.569380 0.201347
531.000 19.132213 0.200189
532.000 18.856115 0.198959
533.000 18.498492 0.197772
534.000 18.479683 0.197066
535.000 18.767545 0.196913
536.000 18.593745 0.197151
537.000 18.681389 0.197546
538.000 19.030780 0.198081
539.000 18.364472 0.198387
540.000 18.747315 0.198629
541.000 19.162732 0.199467
542.000 19.203830 0.200292
543.000 19.321484 0.200992
544.000 19.372138 0.201610
545.000 19.813861 0.202047
546.000 19.791149 0.202470
547.000 19.681350 0.202727
548.000 19.673967 0.202444
549.000 19.910002 0.202112
550.000 19.283380 0.202369
551.000 19.496034 0.203052
552.000 19.839010 0.203621
553.000 19.470068 0.203689
554.000 19.776177 0.203505
555.000 19.615864 0.203233
556.000 19.223518 0.202691
557.000 19.689912 0.201742
558.000 19.172447 0.200749
559.000 19.238132 0.199649
560.000 19.074096 0.199084
561.000 18.901230 0.198928
562.000 18.673158 0.198964
563.000 18.790407 0.198790
564.000 18.848262 0.198513
565.000 19.048805 0.198171
566.000 18.669286 0.198241
567.000 19.177714 0.198416
568.000 18.912378 0.198821
569.000 19.166817 0.199036
570.000 19.010396 0.199364
571.000 19.509506 0.199546
572.000 18.718669 0.199858
573.000 19.122993 0.200090
574.000 19.298259 0.200294
575.000 19.082993 0.200557
576.000 19.379980 0.200998
577.000 19.529960 0.201739
578.000 19.724976 0.202409
579.000 19.402086 0.203035
580.000 19.860834 0.203339
581.000 20.075742 0.203479
582.000 20.105780 0.202950
583.000 19.444467 0.202445
584.000 19.055568 0.201712
585.000 19.520620 0.200791
586.000 19.065252 0.200346
587.000 19.202555 0.200096
588.000 19.337325 0.199695
589.000 19.081267 0.199581
590.000 19.493814 0.199916
591.000 18.943151 0.200014
592.000 18.961432 0.199765
593.000 19.073303 0.199523
594.000 19.050549 0.199170
595.000 19.046208 0.198781
596.000 18.966076 0.198357
597.000 18.619844 0.197877
598.000 18.926914 0.197648
599.000 18.788589 0.197982
720.000 23.744150 0.222786
721.000 24.000499 0.222790
722.000 23.973048 0.222757
723.000 23.607058 0.222478
724.000 23.918589 0.222104
725.000 23.466461 0.221477
726.000 23.522413 0.220867
727.000 23.138623 0.220161
728.000 23.289459 0.219790
729.000 22.914417 0.219591
730.000 22.978046 0.219740
731.000 23.502184 0.219799
732.000 22.860280 0.219777
733.000 23.383032 0.219553
734.000 23.116412 0.219320
735.000 22.885872 0.219605
736.000 22.979399 0.220040
737.000 23.232902 0.220342
738.000 23.214164 0.220520
739.000 23.332412 0.220964
740.000 23.539103 0.221320
741.000 23.771338 0.221607
742.000 23.702086 0.221493
743.000 23.504341 0.221336
744.000 23.505944 0.221112
745.000 23.475040 0.221032
746.000 23.174487 0.221001
747.000 23.206990 0.220946
748.000 23.267074 0.220341
749.000 23.144600 0.219551
750.000 22.866610 0.219046
751.000 22.987536 0.218680
752.000 22.932199 0.218344
753.000 22.866264 0.218188
754.000 22.812561 0.218188
755.000 22.576037 0.218103
756.000 22.608001 0.218341
757.000 22.872667 0.218916
758.000 22.858613 0.219592
759.000 23.233398 0.220492
760.000 23.512504 0.221219
761.000 23.515405 0.221571
762.000 23.688024 0.221412
763.000 23.545940 0.221384
764.000 23.467724 0.221064
765.000 23.149721 0.220805
766.000 23.579503 0.220606
767.000 23.510990 0.220417
768.000 23.293162 0.220411
769.000 23.402848 0.220317
770.000 23.525666 0.220371
771.000 23.342498 0.220600
772.000 23.593473 0.221150
773.000 23.850701 0.221685
774.000 24.055199 0.222373
775.000 23.328300 0.223265
776.000 24.074599 0.223925
777.000 24.104572 0.224349
778.000 24.334023 0.224437
779.000 24.118049 0.224187
780.000 23.875221 0.223890
781.000 23.821437 0.223443
782.000 23.957646 0.222977
783.000 24.051360 0.222713
784.000 23.902849 0.222835
785.000 23.492043 0.222720
786.000 23.591217 0.222624
787.000 23.584766 0.222160
788.000 23.600011 0.221453
789.000 23.524625 0.221069
790.000 23.092562 0.220812
791.000 23.448862 0.220341
792.000 23.137079 0.219417
793.000 23.169336 0.218808
794.000 22.959279 0.218620
795.000 22.874141 0.218812
796.000 22.917348 0.219016
797.000 23.052826 0.219277
798.000 22.834766 0.219261
799.000 23.023945 0.219098
800.000 22.734985 0.218789
801.000 23.046421 0.218473
802.000 22.831052 0.218160
803.000 22.711006 0.218008
804.000 23.042375 0.217967
805.000 22.850018 0.217949
806.000 22.751906 0.218005
807.000 22.687756 0.218117
808.000 23.308819 0.218295
809.000 22.729341 0.218341
810.000 23.140196 0.218520
811.000 23.214143 0.218645
812.000 22.723418 0.218755
813.000 23.201578 0.219137
814.000 22.865517 0.219403
815.000 23.115096 0.219243
816.000 22.955741 0.218776
817.000 22.972470 0.218274
818.000 22.765766 0.217599
819.000 22.464877 0.216975
820.000 22.391634 0.216498
821.000 22.236258 0.215809
822.000 22.294232 0.215429
823.000 22.277272 0.215342
824.000 21.866931 0.215574
825.000 22.152891 0.216287
826.000 22.833575 0.216838
827.000 22.454911 0.217287
828.000 22.352656 0.217190
829.000 22.254429 0.216732
830.000 22.105479 0.215998
831.000 22.145335 0.215135
832.000 21.840805 0.214438
833.000 21.766618 0.213888
834.000 22.307990 0.213459
835.000 21.980765 0.213027
836.000 21.828650 0.213228
837.000 22.301261 0.213623
838.000 21.873068 0.213711
839.000 21.945343 0.213599
840.000 22.058139 0.213386
841.000 21.530938 0.213147
842.000 22.126291 0.213004
843.000 21.778962 0.213363
844.000 22.241219 0.213694
845.000 21.785450 0.214392
846.000 22.166911 0.215048
847.000 21.832770 0.215039
848.000 22.091456 0.214722
849.000 22.042520 0.214246
850.000 21.785756 0.213720
851.000 21.778130 0.213308
852.000 21.943087 0.212858
853.000 21.626394 0.212420
854.000 21.535721 0.212159
855.000 21.379829 0.211984
856.000 21.804035 0.211799
857.000 21.339143 0.211350
858.000 21.194728 0.210458
859.000 21.038400 0.209710
860.000 21.070385 0.209268
861.000 20.861126 0.208865
862.000 20.990474 0.208810
863.000 20.805367 0.208906
864.000 20.846813 0.209056
865.000 20.946121 0.209405
866.000 20.802891 0.210054
867.000 21.459364 0.210721
868.000 21.503747 0.211395
869.000 21.555081 0.212272
870.000 21.586213 0.213200
871.000 21.736936 0.214080
872.000 21.912185 0.214594
873.000 22.032859 0.214677
874.000 21.821088 0.214394
875.000 22.231766 0.214102
876.000 22.071003 0.213648
877.000 21.830317 0.212993
878.000 21.560234 0.212246
879.000 21.374466 0.211384
880.000 20.953300 0.210432
881.000 20.888008 0.209903
882.000 21.232239 0.209736
883.000 21.297275 0.209300
884.000 20.879871 0.208695
885.000 20.760544 0.207987
886.000 20.556326 0.207333
887.000 20.879210 0.206752
888.000 20.242514 0.206285
889.000 20.453913 0.205847
890.000 20.259499 0.205247
891.000 20.314053 0.204673
892.000 19.773592 0.203902
893.000 19.666983 0.202881
894.000 19.347748 0.201908
895.000 19.238652 0.201084
896.000 19.487128 0.200825
897.000 19.545962 0.201528
898.000 19.301764 0.202609
899.000 20.096960 0.203685
900.000 20.139442 0.205091
901.000 20.166520 0.206222
902.000 20.550412 0.207079
903.000 20.317509 0.207633
904.000 20.938529 0.208277
905.000 21.000468 0.208444
906.000 20.922543 0.208443
907.000 20.706198 0.208266
908.000 20.784435 0.208127
909.000 20.764919 0.208295
910.000 21.059241 0.208678
911.000 21.257703 0.209142
912.000 20.886626 0.209316
913.000 21.079905 0.209528
914.000 21.043001 0.209500
915.000 21.116922 0.209368
916.000 20.619043 0.209412
917.000 20.981743 0.209575
918.000 21.335343 0.210151
919.000 20.650249 0.210533
920.000 21.338835 0.210703
921.000 20.701572 0.211079
922.000 21.325282 0.211409
923.000 21.256645 0.211672
924.000 21.768373 0.211584
925.000 21.402631 0.211319
926.000 21.348866 0.211100
927.000 21.587966 0.211061
928.000 21.234434 0.211271
929.000 21.624006 0.211520
930.000 21.523049 0.211429
931.000 21.485954 0.211059
932.000 21.145601 0.210681
933.000 21.045093 0.210376
934.000 21.107918 0.209947
935.000 20.767576 0.209619
936.000 20.459518 0.209413
937.000 20.834474 0.209182
938.000 20.806894 0.209156
939.000 20.945196 0.209141
940.000 20.883494 0.209392
941.000 21.118712 0.209761
942.000 21.233856 0.210130
943.000 20.982906 0.210506
944.000 21.571710 0.210924
945.000 21.533601 0.211114
946.000 21.615298 0.211138
947.000 21.300953 0.211162
948.000 21.311850 0.211062
949.000 21.259908 0.210698
950.000 21.364089 0.210516
951.000 21.166319 0.210513
952.000 20.804929 0.210706
953.000 21.425112 0.210927
954.000 21.173116 0.210911
955.000 21.255979 0.210600
956.000 20.824030 0.210241
957.000 21.070946 0.210192
958.000 21.647625 0.210449
959.000 21.145847 0.210885
