# date, mag, err_mag
-0.000 18.725319 0.194884
1.000 19.082448 0.194940
2.000 18.956174 0.194976
3.000 18.907179 0.194555
4.000 18.960990 0.193937
5.000 18.899887 0.193313
6.000 18.558938 0.192359
7.000 18.586218 0.191354
8.000 18.297847 0.190641
9.000 18.415318 0.190110
10.000 18.078527 0.189823
11.000 18.271126 0.189527
12.000 17.714058 0.189177
13.000 17.957887 0.188552
14.000 17.648931 0.187936
15.000 17.471798 0.187413
16.000 16.883080 0.186852
17.000 17.022175 0.186427
18.000 17.584863 0.186235
19.000 17.215737 0.186085
20.000 17.494438 0.185913
21.000 17.445463 0.185417
22.000 17.029107 0.184696
23.000 16.834923 0.183738
24.000 16.671204 0.182654
25.000 16.637606 0.181761
26.000 16.378671 0.181279
27.000 16.540050 0.181257
28.000 16.329683 0.181534
29.000 16.981412 0.181884
30.000 16.742133 0.182209
31.000 16.446483 0.182450
32.000 16.812775 0.182831
33.000 16.931756 0.183217
34.000 16.960001 0.183740
35.000 16.755536 0.184443
36.000 17.119213 0.185056
37.000 17.386953 0.185584
38.000 17.662332 0.186122
39.000 17.531608 0.186376
40.000 17.754554 0.186354
41.000 17.274505 0.186485
42.000 17.497022 0.186633
43.000 17.607335 0.186797
44.000 17.929916 0.187060
45.000 17.407061 0.187120
46.000 17.384802 0.187064
47.000 17.546039 0.186901
48.000 17.524403 0.186714
49.000 17.382313 0.186664
50.000 17.316495 0.186710
51.000 17.431018 0.186729
52.000 17.492350 0.186661
53.000 17.028559 0.186446
54.000 17.260935 0.186303
55.000 17.772034 0.186382
56.000 17.591948 0.186590
57.000 17.307478 0.186764
58.000 17.701303 0.186894
59.000 17.257590 0.187193
60.000 17.525128 0.187629
61.000 17.732946 0.188171
62.000 17.597931 0.188480
63.000 17.876323 0.188380
64.000 17.640176 0.188143
65.000 17.759916 0.187813
66.000 17.389209 0.187428
67.000 17.445641 0.187259
68.000 17.918826 0.187095
69.000 17.316275 0.186945
70.000 17.201089 0.186754
71.000 17.468547 0.186531
72.000 17.286603 0.186410
73.000 17.557290 0.186526
74.000 17.532701 0.186490
75.000 17.472474 0.186543
76.000 17.460360 0.186721
77.000 17.555989 0.186963
78.000 17.324692 0.187142
79.000 17.541624 0.186980
80.000 17.651159 0.186525
81.000 17.346110 0.185914
82.000 17.312663 0.185403
83.000 17.303315 0.184843
84.000 16.811094 0.184612
85.000 17.082535 0.184425
86.000 16.764724 0.184165
87.000 17.013254 0.183958
88.000 16.700087 0.183558
89.000 16.805347 0.183085
90.000 16.487006 0.182643
91.000 16.706426 0.182360
92.000 16.875541 0.182319
93.000 16.686997 0.182229
94.000 16.688489 0.181977
95.000 16.447102 0.181714
96.000 16.159396 0.181607
97.000 16.734337 0.181301
98.000 16.650265 0.180933
99.000 16.378876 0.180598
100.000 15.939463 0.180172
101.000 16.174456 0.180118
102.000 16.310603 0.180511
103.000 16.748003 0.181113
104.000 16.279283 0.181762
105.000 16.307803 0.182136
106.000 16.490803 0.182454
107.000 16.770658 0.182673
108.000 16.739323 0.183069
109.000 16.580492 0.183453
110.000 16.752951 0.183919
111.000 17.199885 0.184509
112.000 17.432513 0.185325
113.000 17.392098 0.186150
114.000 17.728366 0.187032
115.000 17.507692 0.187769
116.000 17.488966 0.188159
117.000 17.578051 0.188634
118.000 18.099084 0.189343
119.000 17.725686 0.190016
120.000 18.110371 0.190649
121.000 18.424657 0.190934
122.000 18.385487 0.191032
123.000 18.279318 0.191119
124.000 18.472234 0.191099
125.000 18.163670 0.191128
126.000 18.541772 0.191051
127.000 18.297302 0.191268
128.000 18.578262 0.191600
129.000 18.752952 0.192024
130.000 18.634726 0.192443
131.000 18.468369 0.192686
132.000 18.644569 0.192899
133.000 18.491454 0.193006
134.000 18.553730 0.192947
135.000 18.685664 0.192940
136.000 18.655046 0.192935
137.000 18.790976 0.193082
138.000 18.671786 0.193313
139.000 18.801848 0.193463
140.000 18.556508 0.193656
141.000 18.872032 0.193838
142.000 18.708293 0.193818
143.000 18.706479 0.193758
144.000 18.676832 0.193837
145.000 18.484242 0.193832
146.000 18.701851 0.193362
147.000 18.627614 0.192658
148.000 18.556052 0.191963
149.000 18.425388 0.191462
150.000 18.093067 0.191145
151.000 18.533450 0.190645
152.000 18.263249 0.190369
153.000 17.996056 0.190464
154.000 18.408116 0.190564
155.000 18.329595 0.190699
156.000 18.150596 0.191051
157.000 18.106603 0.191417
158.000 18.135190 0.191745
159.000 18.784653 0.192265
160.000 18.567600 0.192522
161.000 18.830979 0.192827
162.000 18.729459 0.193307
163.000 19.091790 0.193841
164.000 18.666869 0.194438
165.000 19.141235 0.194966
166.000 18.888288 0.195585
167.000 19.153143 0.196257
168.000 19.707507 0.196784
169.000 19.140290 0.197076
170.000 19.648090 0.197231
171.000 19.508813 0.196922
172.000 19.064784 0.196305
173.000 19.154070 0.195536
174.000 18.843456 0.194543
175.000 18.819794 0.193316
176.000 18.384318 0.192031
177.000 18.143795 0.190914
178.000 18.133341 0.190139
179.000 17.897266 0.189763
180.000 18.142998 0.189643
181.000 17.951708 0.189470
182.000 18.045795 0.189247
183.000 17.766030 0.189012
184.000 17.938005 0.188699
185.000 18.182569 0.188515
186.000 17.805999 0.188325
187.000 17.721630 0.188281
188.000 17.695809 0.188619
189.000 17.750440 0.189131
190.000 18.024789 0.189386
191.000 17.765028 0.189472
192.000 17.874021 0.189754
193.000 18.176755 0.189999
194.000 18.156824 0.190241
195.000 18.256151 0.190555
196.000 18.834683 0.190739
197.000 18.289229 0.190824
198.000 18.097038 0.190748
199.000 18.366547 0.191106
200.000 18.387603 0.191824
201.000 18.476722 0.192696
202.000 18.789413 0.193639
203.000 18.671063 0.194483
204.000 18.921954 0.195259
205.000 18.869312 0.195747
206.000 19.342938 0.196234
207.000 19.443477 0.196513
208.000 19.426915 0.196632
209.000 19.586582 0.196601
210.000 19.037322 0.196153
211.000 19.320700 0.195751
212.000 19.617293 0.195488
213.000 18.730040 0.195324
214.000 19.003378 0.195483
215.000 19.273083 0.196025
216.000 19.446110 0.196885
217.000 19.472569 0.197581
218.000 19.959545 0.198153
219.000 19.775064 0.198571
220.000 19.894126 0.198733
221.000 19.885198 0.198762
222.000 19.721078 0.198944
223.000 19.270588 0.199080
224.000 19.692987 0.199143
225.000 19.738773 0.198997
226.000 19.948318 0.198629
227.000 19.549449 0.198099
228.000 19.843422 0.197606
229.000 19.413088 0.196910
230.000 19.276002 0.196190
231.000 19.291579 0.195860
232.000 19.522339 0.196028
233.000 19.210711 0.196590
234.000 19.892708 0.197266
235.000 19.415050 0.197607
236.000 19.234710 0.197677
237.000 19.570430 0.197660
238.000 19.732604 0.197709
239.000 19.447766 0.197664
360.000 19.567970 0.199552
361.000 19.953147 0.199872
362.000 20.143624 0.200220
363.000 20.192286 0.200726
364.000 19.953973 0.201187
365.000 20.371554 0.201574
366.000 20.151764 0.202160
367.000 20.360677 0.202676
368.000 20.629114 0.203200
369.000 20.850078 0.203725
370.000 21.240105 0.204363
371.000 21.524055 0.205030
372.000 21.292572 0.205492
373.000 21.180480 0.205619
374.000 21.443053 0.205506
375.000 21.158735 0.205425
376.000 21.100932 0.205571
377.000 21.545804 0.206157
378.000 21.579263 0.206904
379.000 21.391315 0.207505
380.000 21.605100 0.208238
381.000 21.756990 0.208783
382.000 21.999915 0.209108
383.000 22.009936 0.209233
384.000 21.748297 0.209589
385.000 22.399754 0.210293
386.000 22.494903 0.210871
387.000 22.384913 0.211265
388.000 22.101791 0.211243
389.000 22.290932 0.210990
390.000 22.311218 0.210832
391.000 22.181776 0.210928
392.000 21.940827 0.211015
393.000 22.268120 0.211263
394.000 22.287325 0.211364
395.000 22.165363 0.211460
396.000 22.388630 0.211605
397.000 22.521403 0.211731
398.000 22.225035 0.211776
399.000 22.340361 0.211642
400.000 22.324480 0.211465
401.000 22.120356 0.211207
402.000 22.051100 0.210866
403.000 22.002800 0.210725
404.000 22.198533 0.210516
405.000 22.638642 0.210124
406.000 22.173994 0.209546
407.000 22.341357 0.209134
408.000 22.040705 0.209082
409.000 21.843542 0.209173
410.000 22.162636 0.209301
411.000 21.769223 0.209457
412.000 21.846685 0.209717
413.000 22.536715 0.210105
414.000 22.299470 0.210589
415.000 22.111579 0.210920
416.000 21.952213 0.210969
417.000 22.048793 0.211168
418.000 22.493433 0.211256
419.000 22.396839 0.211634
420.000 22.498407 0.212009
421.000 22.336425 0.212436
422.000 22.548179 0.212867
423.000 22.781389 0.213315
424.000 22.721456 0.213671
425.000 22.728572 0.213563
426.000 23.014739 0.213381
427.000 23.064820 0.213075
428.000 22.819587 0.212641
429.000 22.816237 0.212455
430.000 22.934289 0.212304
431.000 22.315148 0.212017
432.000 22.241177 0.211957
433.000 22.664136 0.211763
434.000 22.807938 0.211265
435.000 22.352110 0.210571
436.000 22.022183 0.209740
437.000 21.666301 0.209208
438.000 22.117397 0.208910
439.000 21.621596 0.208741
440.000 22.052425 0.208606
441.000 21.758134 0.208524
442.000 21.664492 0.208772
443.000 21.959254 0.209284
444.000 21.932974 0.209964
445.000 22.190082 0.210487
446.000 22.328151 0.210946
447.000 22.499690 0.211376
448.000 22.633521 0.211852
449.000 22.608768 0.212560
450.000 22.868940 0.213077
451.000 22.505974 0.213177
452.000 22.439111 0.212874
453.000 22.513261 0.212689
454.000 22.336866 0.212471
455.000 22.652318 0.212355
456.000 22.831838 0.212437
457.000 22.715141 0.212244
458.000 22.246778 0.211875
459.000 22.519783 0.211434
460.000 22.143897 0.210787
461.000 22.104801 0.209850
462.000 22.208465 0.209057
463.000 21.433834 0.208419
464.000 21.601453 0.208103
465.000 21.395507 0.207836
466.000 21.318391 0.207747
467.000 21.204298 0.207996
468.000 21.837266 0.208185
469.000 21.751757 0.208468
470.000 21.716627 0.208606
471.000 21.836329 0.208690
472.000 21.823351 0.208719
473.000 21.771126 0.208719
474.000 21.978038 0.208513
475.000 21.825414 0.208210
476.000 21.981857 0.208162
477.000 21.900177 0.208274
478.000 21.851241 0.208487
479.000 22.015858 0.208916
480.000 21.976433 0.209525
481.000 22.141776 0.210185
482.000 22.150321 0.210869
483.000 22.566422 0.211468
484.000 22.846240 0.212031
485.000 22.448517 0.212442
486.000 22.848547 0.212571
487.000 23.002446 0.212669
488.000 22.757169 0.212722
489.000 22.618698 0.212742
490.000 22.923004 0.212964
491.000 22.809186 0.213390
492.000 23.208442 0.213697
493.000 22.762722 0.214027
494.000 23.165915 0.214369
495.000 23.324394 0.214602
496.000 23.306032 0.214723
497.000 22.748063 0.214744
498.000 22.975108 0.214659
499.000 22.982798 0.214340
500.000 22.719171 0.213823
501.000 23.184198 0.213225
502.000 22.556567 0.212768
503.000 22.698528 0.212441
504.000 22.097418 0.212091
505.000 22.132054 0.212064
506.000 22.763805 0.212375
507.000 22.769096 0.212717
508.000 22.762018 0.213047
509.000 22.759773 0.213565
510.000 22.983052 0.213863
511.000 22.898440 0.213967
512.000 22.612405 0.214028
513.000 22.850701 0.214162
514.000 22.893128 0.214344
515.000 23.151007 0.214834
516.000 23.087607 0.215324
517.000 23.151858 0.215834
518.000 23.380049 0.216402
519.000 23.467854 0.216812
520.000 23.400885 0.217221
521.000 23.731910 0.217688
522.000 23.377470 0.218250
523.000 23.657177 0.218685
524.000 24.014422 0.219146
525.000 23.900965 0.219454
526.000 24.387296 0.219513
527.000 24.275774 0.219395
528.000 23.972955 0.219319
529.000 23.975930 0.219036
530.000 24.225499 0.218640
531.000 23.509925 0.218348
532.000 23.985913 0.218364
533.000 24.062066 0.218608
534.000 24.060017 0.219229
535.000 24.029589 0.220061
536.000 24.468636 0.220763
537.000 24.512019 0.221252
538.000 24.483438 0.221695
539.000 24.287129 0.222207
540.000 24.714476 0.222880
541.000 25.459723 0.223544
542.000 25.123807 0.224097
543.000 25.044485 0.224499
544.000 25.286814 0.224690
545.000 24.967905 0.224672
546.000 25.285222 0.224744
547.000 25.432880 0.224692
548.000 25.247647 0.224624
549.000 25.284584 0.224574
550.000 25.395456 0.224452
551.000 25.391315 0.224017
552.000 25.097488 0.223555
553.000 24.579531 0.223279
554.000 25.081351 0.222945
555.000 24.395141 0.222309
556.000 24.760467 0.221517
557.000 24.399954 0.220766
558.000 24.041076 0.220032
559.000 24.016448 0.219311
560.000 24.084040 0.218668
561.000 24.035169 0.218010
562.000 23.675792 0.217320
563.000 23.442563 0.216746
564.000 23.680119 0.216611
565.000 23.519324 0.216626
566.000 23.554659 0.216975
567.000 23.592270 0.217114
568.000 23.833279 0.217319
569.000 23.580115 0.217498
570.000 23.870751 0.217459
571.000 23.656897 0.217363
572.000 23.305547 0.217177
573.000 23.426105 0.217141
574.000 23.703745 0.217202
575.000 23.720266 0.217351
576.000 23.555251 0.217363
577.000 23.871893 0.217260
578.000 23.460549 0.216899
579.000 22.789156 0.216418
580.000 23.159040 0.215753
581.000 23.438682 0.214923
582.000 22.994350 0.213866
583.000 22.707562 0.213062
584.000 22.527653 0.212451
585.000 22.649340 0.212005
586.000 22.347775 0.211569
587.000 22.251090 0.211233
588.000 22.396029 0.210774
589.000 22.084321 0.210320
590.000 22.059028 0.209739
591.000 21.933493 0.209000
592.000 21.095619 0.208244
593.000 21.707388 0.207743
594.000 21.484618 0.207470
595.000 21.476741 0.207292
596.000 21.523676 0.207410
597.000 21.184917 0.207665
598.000 21.478045 0.208025
599.000 21.747336 0.208318
720.000 20.941715 0.203177
721.000 20.747925 0.203156
722.000 20.234329 0.203036
723.000 20.614668 0.202982
724.000 20.865311 0.203081
725.000 20.891505 0.203212
726.000 20.524926 0.203420
727.000 20.675827 0.203776
728.000 20.998121 0.204057
729.000 21.000082 0.204255
730.000 20.747720 0.204570
731.000 20.805766 0.204774
732.000 20.859777 0.205404
733.000 21.338798 0.206162
734.000 21.545128 0.206638
735.000 21.420856 0.206938
736.000 21.823982 0.207411
737.000 21.687101 0.207727
738.000 21.606249 0.207839
739.000 21.588462 0.207811
740.000 21.449288 0.207798
741.000 21.959893 0.207947
742.000 21.877890 0.208127
743.000 21.553481 0.208164
744.000 21.935211 0.208273
745.000 22.281805 0.208501
746.000 21.988072 0.208540
747.000 21.628348 0.208195
748.000 21.425941 0.207728
749.000 21.715866 0.207140
750.000 20.951970 0.206374
751.000 21.602282 0.205730
752.000 20.731472 0.205193
753.000 21.197142 0.204614
754.000 21.137124 0.204040
755.000 20.915982 0.203558
756.000 20.849687 0.203229
757.000 20.478618 0.202837
758.000 20.605338 0.202471
759.000 20.425694 0.202119
760.000 20.210424 0.201717
761.000 20.445144 0.201301
762.000 20.462106 0.201002
763.000 19.767392 0.200598
764.000 20.374321 0.199901
765.000 19.827100 0.199009
766.000 19.467274 0.198310
767.000 19.660192 0.197738
768.000 19.628659 0.197149
769.000 19.330715 0.196644
770.000 19.446084 0.196048
771.000 19.112445 0.195314
772.000 18.829585 0.194433
773.000 18.825017 0.193637
774.000 18.603018 0.192948
775.000 18.554381 0.192455
776.000 18.443219 0.191825
777.000 18.034202 0.191124
778.000 18.085284 0.190489
779.000 18.337139 0.189903
780.000 18.243663 0.189701
781.000 18.033596 0.189919
782.000 18.210787 0.190398
783.000 18.216956 0.190999
784.000 18.397281 0.191875
785.000 18.716249 0.192703
786.000 18.434567 0.193496
787.000 18.826000 0.194346
788.000 19.177415 0.195143
789.000 19.301184 0.195892
790.000 19.335171 0.196851
791.000 19.407674 0.198002
792.000 19.794266 0.199008
793.000 19.956236 0.200268
794.000 20.221655 0.201486
795.000 20.716758 0.202400
796.000 20.517215 0.203021
797.000 20.410068 0.203382
798.000 20.560693 0.203717
799.000 21.144588 0.203971
800.000 21.048209 0.204151
801.000 20.971492 0.204195
802.000 20.538617 0.204045
803.000 20.683940 0.203911
804.000 20.513321 0.204072
805.000 20.807711 0.203992
806.000 20.675428 0.203705
807.000 20.691892 0.203111
808.000 20.584816 0.202179
809.000 20.150974 0.201313
810.000 19.986318 0.200971
811.000 20.195315 0.201026
812.000 20.319667 0.201257
813.000 20.439770 0.201471
814.000 20.059347 0.201676
815.000 20.176677 0.201785
816.000 20.334474 0.201851
817.000 20.190275 0.201800
818.000 20.696573 0.201689
819.000 19.794709 0.201593
820.000 20.330823 0.201558
821.000 20.202439 0.201296
822.000 20.114161 0.200850
823.000 20.272692 0.200511
824.000 19.811014 0.200030
825.000 20.039794 0.199715
826.000 19.656145 0.199568
827.000 19.712937 0.199568
828.000 19.885157 0.199547
829.000 19.765604 0.199291
830.000 19.567326 0.198929
831.000 20.028908 0.198387
832.000 19.972422 0.197975
833.000 19.918739 0.197936
834.000 19.720690 0.198070
835.000 19.756503 0.198225
836.000 19.491474 0.198448
837.000 20.034220 0.198658
838.000 19.908652 0.198949
839.000 20.011682 0.199413
840.000 20.055847 0.199750
841.000 20.032001 0.199913
842.000 19.641485 0.200006
843.000 19.542198 0.200333
844.000 20.153096 0.200885
845.000 20.545069 0.201507
846.000 20.232087 0.201836
847.000 20.096743 0.202052
848.000 20.841538 0.202382
849.000 20.473966 0.202728
850.000 21.043500 0.203033
851.000 20.777729 0.203373
852.000 20.636703 0.203477
853.000 20.745888 0.203194
854.000 20.407941 0.202566
855.000 20.161946 0.201814
856.000 20.211457 0.201015
857.000 20.197762 0.200391
858.000 20.260191 0.199920
859.000 20.209855 0.199651
860.000 20.111052 0.199269
861.000 20.091038 0.198883
862.000 19.247101 0.198528
863.000 19.951727 0.198256
864.000 19.302130 0.197992
865.000 19.663387 0.197800
866.000 19.387703 0.197817
867.000 19.621173 0.197680
868.000 19.487415 0.197541
869.000 19.516298 0.197603
870.000 19.476815 0.197691
871.000 19.632746 0.197726
872.000 19.717369 0.197781
873.000 19.632710 0.197897
874.000 19.451178 0.198075
875.000 19.956227 0.198306
876.000 19.871792 0.198373
877.000 19.908289 0.198187
878.000 19.187737 0.197658
879.000 19.690716 0.196953
880.000 19.173779 0.196427
881.000 19.348184 0.196028
882.000 19.141293 0.195693
883.000 19.295381 0.195598
884.000 19.460801 0.195875
885.000 19.153489 0.196398
886.000 19.577346 0.197171
887.000 19.794178 0.197870
888.000 19.606041 0.198530
889.000 20.348256 0.199414
890.000 19.960355 0.200032
891.000 20.225237 0.200445
892.000 20.005257 0.200393
893.000 19.738755 0.200282
894.000 20.185016 0.200364
895.000 20.169926 0.200429
896.000 19.787851 0.200386
897.000 20.283406 0.200127
898.000 20.150423 0.199922
899.000 20.222721 0.199741
900.000 20.044845 0.199527
901.000 20.018190 0.199196
902.000 19.867436 0.198669
903.000 19.477404 0.198170
904.000 19.853863 0.198189
905.000 19.640548 0.198328
906.000 19.648353 0.198634
907.000 19.799269 0.199048
908.000 20.148087 0.199475
909.000 20.195906 0.200114
910.000 19.904972 0.200926
911.000 20.670191 0.201666
912.000 20.553652 0.202324
913.000 20.576823 0.202992
914.000 21.033623 0.203505
915.000 20.891533 0.203759
916.000 20.590439 0.203705
917.000 20.346515 0.203406
918.000 20.735143 0.203093
919.000 21.092840 0.203003
920.000 20.528477 0.203049
921.000 20.943772 0.202939
922.000 20.523993 0.202934
923.000 20.463266 0.202974
924.000 20.412798 0.203216
925.000 20.563943 0.203237
926.000 20.506668 0.202740
927.000 20.251935 0.201806
928.000 20.319539 0.200950
929.000 19.789737 0.200007
930.000 19.394364 0.199122
931.000 19.872030 0.198282
932.000 19.643597 0.197617
933.000 19.640242 0.197080
934.000 19.230058 0.196693
935.000 19.264157 0.196588
936.000 19.670522 0.196575
937.000 19.356171 0.196659
938.000 19.691695 0.196552
939.000 19.038814 0.196448
940.000 19.202007 0.196473
941.000 19.472308 0.196806
942.000 19.521725 0.196989
943.000 19.557157 0.196841
944.000 19.193128 0.196309
945.000 19.209835 0.195911
946.000 19.073054 0.195603
947.000 18.813131 0.195470
948.000 19.311783 0.195552
949.000 18.997321 0.195647
950.000 19.044265 0.195700
951.000 19.447775 0.195533
952.000 18.801504 0.195204
953.000 19.127625 0.195106
954.000 19.036716 0.195220
955.000 19.262851 0.195378
956.000 18.743912 0.195388
957.000 19.130443 0.195311
958.000 19.115312 0.195158
959.000 19.390765 0.194947
