# date, mag, err_mag
-0.000 19.004581 0.194796
1.000 19.248565 0.194857
2.000 19.432427 0.194900
3.000 18.841985 0.194576
4.000 18.934431 0.194074
5.000 18.414954 0.193542
6.000 18.495240 0.192721
7.000 18.264044 0.191828
8.000 18.460032 0.191139
9.000 18.379809 0.190586
10.000 18.440332 0.190229
11.000 18.065054 0.189880
12.000 18.383053 0.189501
13.000 18.070671 0.188911
14.000 17.859205 0.188324
15.000 17.647692 0.187805
16.000 17.556399 0.187253
17.000 17.643380 0.186807
18.000 17.414728 0.186550
19.000 17.500558 0.186340
20.000 17.168655 0.186129
21.000 17.352096 0.185670
22.000 17.349694 0.185025
23.000 17.330897 0.184176
24.000 16.974692 0.183201
25.000 16.805332 0.182351
26.000 16.491524 0.181814
27.000 16.361703 0.181652
28.000 16.593334 0.181759
29.000 16.725278 0.181964
30.000 16.325449 0.182188
31.000 16.373956 0.182372
32.000 16.728124 0.182686
33.000 16.771296 0.183021
34.000 16.550979 0.183479
35.000 16.764608 0.184097
36.000 16.615117 0.184664
37.000 17.089823 0.185175
38.000 17.559205 0.185701
39.000 17.293624 0.186004
40.000 17.271121 0.186075
41.000 17.377707 0.186248
42.000 17.431805 0.186422
43.000 17.202384 0.186601
44.000 17.683656 0.186855
45.000 17.254640 0.186946
46.000 17.486883 0.186939
47.000 17.243690 0.186836
48.000 17.539238 0.186699
49.000 17.377985 0.186659
50.000 17.699901 0.186692
51.000 17.725241 0.186704
52.000 17.889769 0.186649
53.000 17.363771 0.186473
54.000 17.502490 0.186348
55.000 17.469330 0.186394
56.000 17.466027 0.186550
57.000 17.288735 0.186689
58.000 17.283380 0.186803
59.000 17.898053 0.187057
60.000 17.460814 0.187432
61.000 17.657667 0.187906
62.000 17.897098 0.188209
63.000 17.828938 0.188189
64.000 18.094343 0.188045
65.000 17.728744 0.187805
66.000 17.414721 0.187498
67.000 17.565641 0.187343
68.000 17.575959 0.187186
69.000 17.204723 0.187035
70.000 17.804174 0.186853
71.000 17.347329 0.186643
72.000 17.202264 0.186512
73.000 17.147512 0.186572
74.000 17.793453 0.186521
75.000 17.486154 0.186548
76.000 17.663571 0.186681
77.000 17.419456 0.186875
78.000 17.472779 0.187030
79.000 17.476519 0.186921
80.000 17.389911 0.186568
81.000 17.209695 0.186068
82.000 17.045476 0.185621
83.000 16.879390 0.185117
84.000 16.938085 0.184860
85.000 17.010645 0.184641
86.000 16.775006 0.184371
87.000 16.900189 0.184146
88.000 16.638236 0.183771
89.000 16.899640 0.183334
90.000 16.906024 0.182914
91.000 17.003385 0.182615
92.000 16.619152 0.182511
93.000 16.970866 0.182381
94.000 16.507799 0.182131
95.000 16.483222 0.181876
96.000 16.476696 0.181744
97.000 16.605010 0.181457
98.000 16.487210 0.181118
99.000 16.460414 0.180799
100.000 16.485312 0.180403
101.000 16.320906 0.180295
102.000 16.269692 0.180556
103.000 16.642792 0.181011
104.000 16.672740 0.181540
105.000 16.554809 0.181880
106.000 16.712678 0.182190
107.000 16.758084 0.182424
108.000 16.839250 0.182798
109.000 17.028711 0.183166
110.000 16.931780 0.183603
111.000 17.071009 0.184146
112.000 17.322786 0.184882
113.000 17.206019 0.185643
114.000 17.234447 0.186466
115.000 17.640962 0.187190
116.000 17.420516 0.187639
117.000 17.713841 0.188147
118.000 18.100137 0.188834
119.000 18.103831 0.189494
120.000 17.998753 0.190125
121.000 18.086156 0.190478
122.000 18.111529 0.190667
123.000 18.331827 0.190828
124.000 18.461079 0.190882
125.000 18.231380 0.190958
126.000 18.099351 0.190935
127.000 18.247130 0.191134
128.000 18.439930 0.191425
129.000 18.369129 0.191799
130.000 19.082298 0.192181
131.000 18.626702 0.192432
132.000 18.254772 0.192660
133.000 18.632538 0.192800
134.000 18.587332 0.192800
135.000 18.698888 0.192829
136.000 18.874639 0.192848
137.000 18.584509 0.192982
138.000 18.629772 0.193185
139.000 18.734711 0.193328
140.000 18.973700 0.193509
141.000 18.536889 0.193684
142.000 18.577062 0.193699
143.000 18.587353 0.193676
144.000 18.545964 0.193756
145.000 18.760144 0.193766
146.000 18.482175 0.193401
147.000 18.186872 0.192827
148.000 18.651215 0.192230
149.000 18.376010 0.191762
150.000 18.825535 0.191430
151.000 17.941626 0.190951
152.000 17.932235 0.190646
153.000 18.233229 0.190645
154.000 18.393217 0.190667
155.000 18.332396 0.190736
156.000 18.558643 0.190996
157.000 18.189979 0.191291
158.000 18.445120 0.191574
159.000 18.474583 0.192023
160.000 18.664527 0.192279
161.000 18.361026 0.192577
162.000 19.087235 0.193017
163.000 18.471784 0.193508
164.000 18.795604 0.194061
165.000 19.407936 0.194569
166.000 18.596697 0.195155
167.000 18.940243 0.195793
168.000 19.191915 0.196323
169.000 19.510926 0.196666
170.000 18.934756 0.196889
171.000 19.363794 0.196725
172.000 19.167356 0.196282
173.000 19.105117 0.195676
174.000 18.925758 0.194851
175.000 18.922620 0.193797
176.000 18.457218 0.192654
177.000 18.492624 0.191608
178.000 17.905094 0.190814
179.000 18.046517 0.190336
180.000 18.317375 0.190084
181.000 18.180021 0.189820
182.000 18.119184 0.189541
183.000 18.136700 0.189270
184.000 17.931959 0.188946
185.000 17.634918 0.188730
186.000 17.458839 0.188517
187.000 17.488202 0.188425
188.000 17.646950 0.188650
189.000 18.012506 0.189039
190.000 17.696344 0.189252
191.000 18.105680 0.189344
192.000 18.340583 0.189594
193.000 18.376718 0.189822
194.000 18.348271 0.190052
195.000 17.845181 0.190343
196.000 18.071911 0.190534
197.000 18.435986 0.190647
198.000 18.037991 0.190625
199.000 18.114298 0.190937
200.000 18.407839 0.191545
201.000 18.666383 0.192299
202.000 18.491711 0.193140
203.000 19.040774 0.193929
204.000 19.058743 0.194679
205.000 18.984623 0.195207
206.000 19.408453 0.195729
207.000 18.990311 0.196075
208.000 19.280518 0.196278
209.000 19.235411 0.196340
210.000 19.085897 0.196046
211.000 19.139831 0.195753
212.000 19.360067 0.195542
213.000 19.157259 0.195394
214.000 19.526283 0.195497
215.000 19.613541 0.195916
216.000 19.364744 0.196618
217.000 19.378349 0.197226
218.000 19.497973 0.197759
219.000 19.399505 0.198184
220.000 19.794369 0.198405
221.000 19.678789 0.198507
222.000 19.769201 0.198714
223.000 19.649228 0.198877
224.000 19.791315 0.198973
225.000 20.073177 0.198894
226.000 19.495059 0.198623
227.000 19.660344 0.198199
228.000 19.469203 0.197779
229.000 19.497534 0.197178
230.000 19.318034 0.196533
231.000 19.692366 0.196180
232.000 19.248188 0.196226
233.000 19.331586 0.196611
234.000 19.133296 0.197129
235.000 19.445461 0.197419
236.000 19.789848 0.197511
237.000 19.825406 0.197533
238.000 19.177535 0.197600
239.000 19.673081 0.197586
360.000 19.889649 0.199522
361.000 20.189442 0.199776
362.000 19.888569 0.200066
363.000 20.014746 0.200499
364.000 20.468366 0.200914
365.000 20.406831 0.201282
366.000 20.665739 0.201816
367.000 20.458478 0.202306
368.000 20.827560 0.202810
369.000 20.652227 0.203320
370.000 21.093845 0.203924
371.000 21.175232 0.204560
372.000 20.844401 0.205039
373.000 21.117592 0.205248
374.000 21.098794 0.205248
375.000 21.169138 0.205247
376.000 20.590571 0.205407
377.000 21.209933 0.205911
378.000 21.589271 0.206559
379.000 21.627416 0.207113
380.000 21.602932 0.207787
381.000 21.582318 0.208327
382.000 21.537966 0.208694
383.000 22.179417 0.208893
384.000 21.917340 0.209260
385.000 21.797121 0.209901
386.000 22.381528 0.210452
387.000 22.008913 0.210863
388.000 21.812108 0.210939
389.000 22.008098 0.210811
390.000 22.561121 0.210729
391.000 22.407337 0.210830
392.000 22.289717 0.210917
393.000 22.636232 0.211132
394.000 22.166007 0.211236
395.000 22.252822 0.211337
396.000 22.291318 0.211477
397.000 22.170479 0.211601
398.000 22.420155 0.211662
399.000 22.492546 0.211577
400.000 22.476388 0.211447
401.000 22.252744 0.211241
402.000 22.497166 0.210954
403.000 22.617556 0.210815
404.000 22.295222 0.210618
405.000 21.903106 0.210272
406.000 22.123056 0.209768
407.000 21.886859 0.209380
408.000 22.050979 0.209271
409.000 21.686440 0.209286
410.000 22.086619 0.209347
411.000 21.758910 0.209448
412.000 22.139701 0.209647
413.000 21.965167 0.209963
414.000 22.075100 0.210375
415.000 22.287447 0.210682
416.000 22.124069 0.210772
417.000 22.158163 0.210975
418.000 22.484948 0.211087
419.000 22.814043 0.211426
420.000 22.732520 0.211769
421.000 22.489078 0.212161
422.000 22.564604 0.212564
423.000 22.318716 0.212990
424.000 23.014955 0.213347
425.000 22.616675 0.213334
426.000 22.500616 0.213243
427.000 22.706425 0.213031
428.000 23.005040 0.212692
429.000 22.932226 0.212528
430.000 22.299198 0.212383
431.000 22.500105 0.212126
432.000 22.689942 0.212044
433.000 22.781028 0.211859
434.000 22.233826 0.211429
435.000 22.388719 0.210830
436.000 22.323588 0.210099
437.000 22.251295 0.209582
438.000 22.230068 0.209245
439.000 21.537183 0.209015
440.000 21.832734 0.208826
441.000 21.739430 0.208694
442.000 21.954372 0.208839
443.000 21.869414 0.209217
444.000 22.246439 0.209763
445.000 21.967921 0.210217
446.000 22.300912 0.210640
447.000 22.335401 0.211051
448.000 22.347633 0.211505
449.000 22.346520 0.212150
450.000 22.465533 0.212657
451.000 22.485236 0.212834
452.000 22.703705 0.212673
453.000 22.757066 0.212576
454.000 22.899663 0.212428
455.000 22.269340 0.212342
456.000 22.388681 0.212405
457.000 22.802757 0.212249
458.000 22.827855 0.211946
459.000 22.677163 0.211571
460.000 22.287964 0.211015
461.000 22.233538 0.210208
462.000 22.099111 0.209484
463.000 21.943872 0.208864
464.000 21.748402 0.208494
465.000 21.880932 0.208172
466.000 21.806073 0.208005
467.000 21.872116 0.208128
468.000 21.658872 0.208231
469.000 21.669756 0.208433
470.000 21.662342 0.208540
471.000 21.856512 0.208615
472.000 21.592017 0.208649
473.000 21.793997 0.208660
474.000 21.869482 0.208504
475.000 21.737516 0.208258
476.000 21.899104 0.208203
477.000 21.946529 0.208275
478.000 21.937051 0.208435
479.000 21.555142 0.208779
480.000 21.710539 0.209288
481.000 22.435272 0.209862
482.000 22.252351 0.210477
483.000 22.080996 0.211045
484.000 22.618059 0.211592
485.000 22.896031 0.212023
486.000 22.621324 0.212225
487.000 22.687852 0.212387
488.000 22.411609 0.212496
489.000 22.708372 0.212565
490.000 22.372509 0.212783
491.000 22.568720 0.213161
492.000 22.704786 0.213454
493.000 23.121818 0.213770
494.000 22.904490 0.214099
495.000 23.220859 0.214346
496.000 23.628553 0.214500
497.000 22.974451 0.214567
498.000 23.293023 0.214539
499.000 22.845593 0.214309
500.000 22.635814 0.213902
501.000 22.730279 0.213403
502.000 22.744930 0.212991
503.000 22.744012 0.212670
504.000 22.724853 0.212325
505.000 22.255224 0.212236
506.000 23.035301 0.212431
507.000 22.825382 0.212676
508.000 22.823885 0.212936
509.000 22.637373 0.213366
510.000 23.143950 0.213642
511.000 22.577450 0.213772
512.000 22.538748 0.213864
513.000 22.980745 0.214008
514.000 22.903962 0.214185
515.000 22.484514 0.214609
516.000 23.357114 0.215047
517.000 23.232001 0.215513
518.000 23.547620 0.216038
519.000 23.997290 0.216448
520.000 23.225422 0.216858
521.000 23.555807 0.217316
522.000 23.758560 0.217851
523.000 23.998114 0.218290
524.000 23.956345 0.218750
525.000 24.010817 0.219089
526.000 24.016549 0.219221
527.000 24.200703 0.219196
528.000 24.383097 0.219183
529.000 24.626870 0.218987
530.000 24.092909 0.218680
531.000 24.105173 0.218434
532.000 23.924064 0.218420
533.000 23.654021 0.218591
534.000 24.179807 0.219080
535.000 23.977082 0.219768
536.000 24.584486 0.220387
537.000 24.619722 0.220859
538.000 24.753178 0.221303
539.000 24.913300 0.221804
540.000 24.605276 0.222437
541.000 25.118710 0.223070
542.000 25.333439 0.223623
543.000 25.214988 0.224056
544.000 25.569436 0.224314
545.000 25.002396 0.224389
546.000 24.932628 0.224516
547.000 25.273226 0.224527
548.000 25.116051 0.224509
549.000 25.205819 0.224493
550.000 25.710705 0.224409
551.000 25.202966 0.224067
552.000 25.255409 0.223682
553.000 24.863984 0.223426
554.000 25.214475 0.223116
555.000 24.894879 0.222559
556.000 24.277679 0.221859
557.000 24.483767 0.221171
558.000 23.824076 0.220480
559.000 23.978233 0.219787
560.000 24.077981 0.219148
561.000 23.948651 0.218495
562.000 24.069467 0.217814
563.000 23.810429 0.217224
564.000 23.757978 0.216987
565.000 23.513058 0.216891
566.000 24.179163 0.217089
567.000 23.823143 0.217154
568.000 23.309394 0.217295
569.000 23.820539 0.217432
570.000 23.920680 0.217407
571.000 23.825202 0.217337
572.000 23.550894 0.217188
573.000 23.431940 0.217150
574.000 23.482657 0.217189
575.000 23.236558 0.217301
576.000 23.910071 0.217313
577.000 23.545108 0.217234
578.000 23.897654 0.216945
579.000 23.866612 0.216545
580.000 23.187772 0.215978
581.000 23.099870 0.215257
582.000 23.023369 0.214327
583.000 23.258064 0.213570
584.000 22.734437 0.212949
585.000 22.462303 0.212460
586.000 22.379752 0.211987
587.000 22.818906 0.211603
588.000 22.085207 0.211133
589.000 21.932073 0.210671
590.000 22.190544 0.210112
591.000 21.885369 0.209421
592.000 21.891174 0.208707
593.000 21.904531 0.208186
594.000 21.686062 0.207849
595.000 21.493726 0.207600
596.000 21.957392 0.207605
597.000 21.545756 0.207746
598.000 21.411694 0.207998
599.000 22.177743 0.208225
720.000 20.688958 0.203138
721.000 20.593911 0.203124
722.000 20.763861 0.203030
723.000 20.448367 0.202982
724.000 20.374737 0.203054
725.000 20.306678 0.203157
726.000 20.573445 0.203327
727.000 20.816381 0.203625
728.000 20.884243 0.203877
729.000 20.951280 0.204071
730.000 21.194687 0.204361
731.000 20.900603 0.204568
732.000 20.989320 0.205115
733.000 21.155878 0.205783
734.000 21.232391 0.206247
735.000 21.447145 0.206576
736.000 21.223022 0.207040
737.000 21.254673 0.207379
738.000 21.242308 0.207550
739.000 21.726525 0.207597
740.000 21.389418 0.207636
741.000 21.263645 0.207793
742.000 21.817707 0.207969
743.000 21.547685 0.208030
744.000 21.691674 0.208144
745.000 21.687927 0.208352
746.000 21.427998 0.208412
747.000 22.029035 0.208162
748.000 21.656345 0.207795
749.000 21.404159 0.207307
750.000 21.330885 0.206652
751.000 21.531912 0.206067
752.000 21.080780 0.205550
753.000 21.259682 0.204993
754.000 21.181923 0.204433
755.000 20.911489 0.203942
756.000 20.389498 0.203575
757.000 21.030240 0.203166
758.000 20.232450 0.202782
759.000 20.600250 0.202414
760.000 20.155375 0.202011
761.000 20.378393 0.201597
762.000 20.396316 0.201277
763.000 20.252447 0.200877
764.000 19.938141 0.200243
765.000 20.097156 0.199441
766.000 19.756667 0.198773
767.000 19.549911 0.198196
768.000 19.679587 0.197603
769.000 19.266080 0.197078
770.000 19.383567 0.196484
771.000 19.456513 0.195782
772.000 18.955721 0.194955
773.000 19.133195 0.194184
774.000 18.881941 0.193492
775.000 18.720135 0.192954
776.000 18.140431 0.192316
777.000 18.467503 0.191625
778.000 18.636527 0.190986
779.000 18.006429 0.190385
780.000 17.936283 0.190095
781.000 18.300533 0.190157
782.000 18.074606 0.190464
783.000 18.095316 0.190911
784.000 18.444988 0.191616
785.000 18.321417 0.192328
786.000 18.634265 0.193042
787.000 18.922107 0.193825
788.000 19.035599 0.194584
789.000 19.377649 0.195315
790.000 19.467995 0.196220
791.000 19.386091 0.197292
792.000 19.585255 0.198266
793.000 19.792324 0.199453
794.000 20.246562 0.200624
795.000 20.422769 0.201564
796.000 20.659105 0.202265
797.000 20.846441 0.202742
798.000 20.650819 0.203170
799.000 20.737772 0.203510
800.000 20.907716 0.203769
801.000 21.214909 0.203897
802.000 20.618058 0.203849
803.000 20.693679 0.203789
804.000 21.383910 0.203947
805.000 20.716807 0.203908
806.000 20.879987 0.203695
807.000 20.839433 0.203220
808.000 20.754228 0.202448
809.000 20.676242 0.201691
810.000 20.597683 0.201323
811.000 20.209368 0.201271
812.000 20.309428 0.201381
813.000 20.544878 0.201506
814.000 20.477556 0.201648
815.000 20.190647 0.201731
816.000 20.532504 0.201789
817.000 20.663936 0.201757
818.000 20.624859 0.201673
819.000 20.670032 0.201594
820.000 20.402127 0.201560
821.000 20.359257 0.201343
822.000 20.354103 0.200969
823.000 20.011587 0.200666
824.000 20.293776 0.200237
825.000 20.234764 0.199929
826.000 19.726228 0.199751
827.000 20.103132 0.199696
828.000 19.940729 0.199636
829.000 19.671210 0.199399
830.000 20.043526 0.199075
831.000 19.959272 0.198600
832.000 19.731545 0.198214
833.000 19.594105 0.198117
834.000 19.819843 0.198169
835.000 19.627278 0.198255
836.000 19.526033 0.198414
837.000 19.631450 0.198579
838.000 19.710688 0.198821
839.000 19.577291 0.199214
840.000 19.962699 0.199523
841.000 19.754024 0.199701
842.000 20.351386 0.199822
843.000 19.680643 0.200125
844.000 19.985158 0.200610
845.000 20.154198 0.201167
846.000 20.086355 0.201503
847.000 20.435859 0.201752
848.000 20.482083 0.202086
849.000 20.628876 0.202431
850.000 20.817764 0.202742
851.000 20.549098 0.203080
852.000 20.418718 0.203230
853.000 20.848810 0.203061
854.000 20.367306 0.202591
855.000 20.486237 0.201986
856.000 20.294733 0.201307
857.000 20.142988 0.200735
858.000 20.351529 0.200269
859.000 20.285466 0.199959
860.000 19.307546 0.199567
861.000 19.840828 0.199175
862.000 19.927945 0.198811
863.000 19.612053 0.198515
864.000 19.742352 0.198230
865.000 19.420066 0.198009
866.000 19.828967 0.197962
867.000 19.649285 0.197805
868.000 19.458398 0.197653
869.000 19.446694 0.197667
870.000 20.014955 0.197712
871.000 19.501573 0.197725
872.000 19.569248 0.197760
873.000 19.680803 0.197850
874.000 19.373718 0.197995
875.000 19.817188 0.198191
876.000 19.782371 0.198264
877.000 19.738116 0.198136
878.000 19.353153 0.197722
879.000 19.237747 0.197141
880.000 19.381111 0.196674
881.000 19.444282 0.196290
882.000 19.423154 0.195950
883.000 19.058664 0.195802
884.000 19.094559 0.195961
885.000 19.152661 0.196344
886.000 19.335682 0.196961
887.000 19.218525 0.197557
888.000 19.563634 0.198150
889.000 19.928424 0.198943
890.000 19.767319 0.199545
891.000 20.162825 0.199990
892.000 20.182201 0.200058
893.000 20.156344 0.200053
894.000 19.934306 0.200176
895.000 20.076828 0.200271
896.000 20.295856 0.200271
897.000 20.036977 0.200087
898.000 20.147183 0.199929
899.000 20.116415 0.199778
900.000 20.106517 0.199592
901.000 19.607078 0.199305
902.000 19.965209 0.198851
903.000 19.845202 0.198403
904.000 20.044130 0.198355
905.000 19.895571 0.198415
906.000 19.564155 0.198626
907.000 19.539437 0.198946
908.000 19.813615 0.199300
909.000 19.859280 0.199843
910.000 19.979471 0.200550
911.000 20.470232 0.201224
912.000 20.111010 0.201851
913.000 20.356952 0.202495
914.000 20.529957 0.203022
915.000 20.541310 0.203342
916.000 20.872109 0.203400
917.000 20.650675 0.203237
918.000 20.611306 0.203028
919.000 20.913119 0.202973
920.000 20.705120 0.203013
921.000 20.539375 0.202926
922.000 20.280267 0.202918
923.000 20.570270 0.202946
924.000 20.748923 0.203139
925.000 20.630102 0.203165
926.000 20.441962 0.202778
927.000 20.358867 0.202022
928.000 20.257786 0.201287
929.000 20.211403 0.200450
930.000 19.788146 0.199632
931.000 19.664499 0.198831
932.000 19.531468 0.198158
933.000 19.507420 0.197586
934.000 19.223832 0.197140
935.000 19.570883 0.196933
936.000 19.173636 0.196823
937.000 19.290205 0.196814
938.000 19.844479 0.196677
939.000 19.453376 0.196552
940.000 19.204349 0.196538
941.000 19.426614 0.196779
942.000 19.274243 0.196920
943.000 19.627598 0.196809
944.000 19.391104 0.196385
945.000 19.488223 0.196047
946.000 19.085224 0.195763
947.000 19.159702 0.195611
948.000 19.672030 0.195633
949.000 19.246354 0.195677
950.000 19.370043 0.195702
951.000 19.296436 0.195558
952.000 18.818270 0.195282
953.000 18.952199 0.195179
954.000 18.972451 0.195245
955.000 19.182073 0.195356
956.000 19.169795 0.195358
957.000 19.024647 0.195296
958.000 19.016352 0.195171
959.000 19.261535 0.194994
