# date, mag, err_mag
-0.000 18.275048 0.191101
1.000 18.427688 0.191314
2.000 18.131672 0.191072
3.000 18.343095 0.190861
4.000 18.243687 0.191167
5.000 18.616928 0.191812
6.000 18.808340 0.192497
7.000 19.011260 0.193168
8.000 18.689128 0.193393
9.000 18.401354 0.193096
10.000 18.270437 0.192750
11.000 18.462425 0.192352
12.000 18.145935 0.191827
13.000 18.047067 0.191538
14.000 18.315742 0.191647
15.000 18.340845 0.192411
16.000 18.840329 0.193326
17.000 19.210582 0.193983
18.000 18.909175 0.194591
19.000 19.131317 0.195190
20.000 18.791387 0.195339
21.000 19.160196 0.195468
22.000 19.063748 0.195856
23.000 19.084029 0.196359
24.000 18.948299 0.196430
25.000 19.500477 0.195785
26.000 18.815797 0.195498
27.000 18.943497 0.195747
28.000 19.279130 0.196242
29.000 19.343107 0.196288
30.000 19.280295 0.195964
31.000 19.141421 0.195439
32.000 18.952542 0.195473
33.000 19.348465 0.195835
34.000 19.323313 0.196279
35.000 19.019901 0.196378
36.000 19.615456 0.196357
37.000 19.134006 0.195847
38.000 19.367949 0.195752
39.000 18.971703 0.196132
40.000 19.095865 0.196501
41.000 19.334613 0.197099
42.000 19.480144 0.197955
43.000 19.949150 0.198614
44.000 19.482345 0.198901
45.000 19.835695 0.198889
46.000 19.554728 0.198654
47.000 19.845606 0.198587
48.000 19.861805 0.198976
49.000 19.766522 0.199256
50.000 20.341523 0.199366
51.000 19.943643 0.199637
52.000 20.264240 0.200097
53.000 19.788381 0.200143
54.000 19.979326 0.199893
55.000 19.963407 0.199601
56.000 19.889651 0.199181
57.000 19.752983 0.198977
58.000 19.701147 0.199201
59.000 19.321080 0.199563
60.000 19.875152 0.199813
61.000 19.743204 0.199501
62.000 19.759888 0.198921
63.000 19.924927 0.198637
64.000 20.052225 0.197926
65.000 19.676814 0.197715
66.000 19.794667 0.197825
67.000 19.780506 0.198138
68.000 19.796106 0.198118
69.000 19.779795 0.198172
70.000 19.662890 0.198433
71.000 19.731312 0.198839
72.000 19.887878 0.198969
73.000 20.128470 0.198711
74.000 19.735650 0.197753
75.000 19.695822 0.196730
76.000 18.990764 0.196046
77.000 19.126916 0.195178
78.000 19.015609 0.194475
79.000 18.951990 0.194026
80.000 18.546274 0.193828
81.000 18.467045 0.193889
82.000 18.417367 0.193913
83.000 18.803706 0.194180
84.000 19.307999 0.194034
85.000 18.788375 0.193483
86.000 18.389564 0.192846
87.000 18.581016 0.192289
88.000 18.402398 0.192000
89.000 18.372130 0.191370
90.000 18.070170 0.190411
91.000 17.725492 0.189436
92.000 17.720113 0.188641
93.000 17.831349 0.187986
94.000 17.719644 0.187801
95.000 17.888861 0.187784
96.000 17.389491 0.187414
97.000 17.658185 0.186730
98.000 17.386988 0.186263
99.000 17.385376 0.186121
100.000 17.628959 0.186372
101.000 17.519563 0.187158
102.000 17.883847 0.188705
103.000 18.222174 0.190099
104.000 18.357009 0.190794
105.000 18.546447 0.191612
106.000 18.770018 0.192292
107.000 18.586092 0.192096
108.000 18.367454 0.191926
109.000 18.870644 0.191661
110.000 18.321005 0.191271
111.000 18.335035 0.190934
112.000 18.050335 0.190565
113.000 17.783461 0.190599
114.000 18.085878 0.190781
115.000 18.207043 0.190573
116.000 18.237105 0.190265
117.000 18.132507 0.190217
118.000 18.354731 0.190616
119.000 18.527436 0.191319
120.000 18.646509 0.191938
121.000 18.533697 0.192332
122.000 18.434849 0.191739
123.000 18.205301 0.190838
124.000 17.957147 0.190193
125.000 18.271326 0.189549
126.000 17.717733 0.189295
127.000 17.834040 0.188739
128.000 17.788529 0.188200
129.000 17.353031 0.188252
130.000 17.916880 0.188364
131.000 17.873229 0.189224
132.000 18.175437 0.190240
133.000 18.203471 0.190941
134.000 18.064096 0.191417
135.000 18.455848 0.191731
136.000 18.479007 0.191942
137.000 18.660964 0.191998
138.000 18.487860 0.191620
139.000 18.059047 0.191539
140.000 18.576837 0.191459
141.000 18.532733 0.191533
142.000 18.646258 0.192151
143.000 18.772800 0.193083
144.000 18.738401 0.194095
145.000 19.133330 0.194886
146.000 19.104935 0.195636
147.000 19.926071 0.196570
148.000 19.512376 0.197580
149.000 19.427766 0.198026
150.000 19.596928 0.198111
151.000 19.862512 0.197675
152.000 19.331228 0.196995
153.000 18.850633 0.196422
154.000 19.550188 0.196074
155.000 19.320177 0.196042
156.000 19.187709 0.196190
157.000 19.396277 0.196043
158.000 18.965414 0.195480
159.000 18.887947 0.195334
160.000 19.304242 0.195339
161.000 19.012293 0.195313
162.000 19.268130 0.195575
163.000 19.252567 0.196013
164.000 19.419996 0.196045
165.000 19.339561 0.196359
166.000 18.926982 0.196416
167.000 19.495651 0.196580
168.000 19.202120 0.196242
169.000 19.367295 0.195729
170.000 19.085011 0.195057
171.000 19.258266 0.194638
172.000 18.973530 0.194913
173.000 18.869784 0.196131
174.000 19.291058 0.196542
175.000 19.419934 0.196363
176.000 19.139443 0.195791
177.000 18.976034 0.195080
178.000 19.398691 0.195303
179.000 19.226743 0.196046
180.000 19.520711 0.196338
181.000 19.306425 0.196152
182.000 19.029581 0.196337
183.000 19.153788 0.196465
184.000 19.279435 0.196477
185.000 19.470286 0.196826
186.000 19.212409 0.196634
187.000 19.003139 0.196170
188.000 18.966645 0.195582
189.000 18.966426 0.195087
190.000 18.876425 0.194989
191.000 18.901063 0.194814
192.000 19.423777 0.195048
193.000 19.175791 0.195358
194.000 18.998193 0.195547
195.000 19.217144 0.195859
196.000 19.454920 0.195488
197.000 19.182977 0.195030
198.000 19.043955 0.195066
199.000 18.938706 0.195784
200.000 19.004571 0.196467
201.000 19.313598 0.196683
202.000 19.412849 0.196952
203.000 19.109138 0.196928
204.000 19.164035 0.196921
205.000 19.523738 0.197450
206.000 19.258382 0.198288
207.000 19.371024 0.198364
208.000 19.734505 0.198524
209.000 19.816655 0.198325
210.000 19.759848 0.198281
211.000 20.034190 0.198979
212.000 20.193533 0.199198
213.000 20.011841 0.198967
214.000 19.774559 0.198938
215.000 20.273086 0.199045
216.000 20.202506 0.199135
217.000 20.088830 0.199307
218.000 19.724286 0.199229
219.000 19.964121 0.199218
220.000 19.513951 0.199455
221.000 19.893406 0.199596
222.000 19.538977 0.199980
223.000 19.959854 0.200015
224.000 20.195198 0.199746
225.000 20.029668 0.199923
226.000 20.411794 0.200233
227.000 20.213405 0.200856
228.000 20.327168 0.201318
229.000 20.255382 0.201364
230.000 20.336195 0.200931
231.000 20.166299 0.200652
232.000 20.344708 0.200306
233.000 20.366270 0.200005
234.000 20.108277 0.199954
235.000 19.753558 0.199676
236.000 20.018989 0.199322
237.000 20.215413 0.199508
238.000 20.294849 0.200602
239.000 20.404540 0.201502
360.000 19.176582 0.194679
361.000 18.789136 0.194216
362.000 18.898598 0.194330
363.000 19.006384 0.194616
364.000 19.096007 0.195043
365.000 19.639969 0.196460
366.000 19.336854 0.197490
367.000 19.890431 0.197867
368.000 19.483666 0.198403
369.000 19.700351 0.198914
370.000 19.617515 0.198606
371.000 19.751844 0.198592
372.000 19.693095 0.198705
373.000 19.866628 0.198600
374.000 19.752284 0.198495
375.000 20.112797 0.198124
376.000 19.647262 0.197593
377.000 19.398820 0.196975
378.000 19.416484 0.196438
379.000 19.439526 0.196332
380.000 19.235112 0.196080
381.000 19.065436 0.196139
382.000 19.235501 0.196698
383.000 19.467250 0.196891
384.000 19.659999 0.197211
385.000 19.600968 0.197264
386.000 19.528323 0.197464
387.000 19.860757 0.198488
388.000 19.888836 0.199684
389.000 20.300966 0.200987
390.000 20.686133 0.201732
391.000 20.635286 0.201785
392.000 20.754520 0.202133
393.000 20.609553 0.203141
394.000 20.882494 0.203906
395.000 20.737209 0.204409
396.000 21.300114 0.205227
397.000 21.170739 0.205940
398.000 20.975038 0.205885
399.000 21.038228 0.205370
400.000 21.135482 0.205092
401.000 20.546041 0.204677
402.000 20.591670 0.204105
403.000 20.891596 0.203174
404.000 20.520768 0.202241
405.000 20.436663 0.201967
406.000 20.065412 0.201692
407.000 20.535838 0.200835
408.000 20.250591 0.199977
409.000 20.113411 0.199618
410.000 19.772742 0.199728
411.000 20.172770 0.200037
412.000 20.190587 0.199564
413.000 19.876291 0.199461
414.000 19.879010 0.199396
415.000 19.799094 0.199220
416.000 20.080649 0.199559
417.000 19.890959 0.199444
418.000 19.751960 0.198828
419.000 19.369500 0.198036
420.000 19.262592 0.197702
421.000 19.707992 0.197357
422.000 19.607038 0.196217
423.000 19.126669 0.194482
424.000 18.936428 0.192959
425.000 18.347449 0.191861
426.000 18.196604 0.190583
427.000 18.017443 0.189221
428.000 17.646547 0.187796
429.000 17.788931 0.186728
430.000 17.127897 0.186182
431.000 17.156836 0.185582
432.000 17.049630 0.184779
433.000 16.802200 0.183794
434.000 17.032238 0.183496
435.000 16.487658 0.183367
436.000 17.113700 0.183646
437.000 17.180399 0.184236
438.000 17.191679 0.184882
439.000 17.452299 0.185208
440.000 17.730341 0.185748
441.000 17.442289 0.186359
442.000 17.643466 0.186886
443.000 17.635644 0.187179
444.000 17.755260 0.187685
445.000 17.693746 0.188382
446.000 17.643172 0.188327
447.000 17.882439 0.188268
448.000 17.707461 0.188468
449.000 17.979404 0.188457
450.000 17.898610 0.188164
451.000 17.538976 0.187492
452.000 17.655466 0.187303
453.000 17.622185 0.187410
454.000 17.638701 0.187712
455.000 17.850236 0.187569
456.000 17.607637 0.187368
457.000 17.686295 0.187593
458.000 17.278126 0.187589
459.000 17.761721 0.187630
460.000 17.299219 0.187197
461.000 17.357781 0.186456
462.000 17.615087 0.185847
463.000 17.564471 0.185404
464.000 17.075088 0.184936
465.000 16.841928 0.184539
466.000 17.133110 0.184462
467.000 17.017292 0.184631
468.000 17.251680 0.185160
469.000 17.074440 0.185889
470.000 17.630529 0.186412
471.000 17.774040 0.186749
472.000 17.313211 0.187276
473.000 17.529038 0.187753
474.000 17.528356 0.187674
475.000 17.759130 0.187477
476.000 17.248323 0.187449
477.000 17.829439 0.188371
478.000 18.023738 0.189831
479.000 18.093268 0.190760
480.000 18.346603 0.190594
481.000 17.749166 0.190106
482.000 17.667973 0.189090
483.000 17.583695 0.188054
484.000 17.815036 0.187794
485.000 17.696566 0.188219
486.000 17.770569 0.189093
487.000 18.184224 0.189965
488.000 18.152317 0.190755
489.000 18.266526 0.191517
490.000 18.325615 0.191483
491.000 18.430715 0.191390
492.000 18.940767 0.191695
493.000 18.323567 0.192256
494.000 18.808723 0.193406
495.000 18.856272 0.194081
496.000 18.772418 0.193752
497.000 18.932296 0.192806
498.000 18.619123 0.191928
499.000 18.560591 0.191725
500.000 18.370440 0.191855
501.000 18.281154 0.191783
502.000 18.550427 0.192044
503.000 18.479625 0.192254
504.000 18.370698 0.191973
505.000 18.613358 0.191993
506.000 18.299688 0.192234
507.000 18.287888 0.191692
508.000 18.542392 0.191507
509.000 18.413154 0.191699
510.000 18.645175 0.192157
511.000 18.501332 0.192926
512.000 18.905022 0.193459
513.000 18.730274 0.193967
514.000 19.181656 0.194227
515.000 19.007487 0.193895
516.000 18.808500 0.193197
517.000 18.847307 0.192333
518.000 18.418869 0.191291
519.000 18.118383 0.190698
520.000 18.453441 0.190275
521.000 18.152413 0.189899
522.000 18.238742 0.189484
523.000 17.842519 0.188458
524.000 17.847192 0.187478
525.000 17.439454 0.187328
526.000 17.373623 0.187374
527.000 17.278353 0.187002
528.000 17.603157 0.186578
529.000 17.094757 0.186575
530.000 17.128357 0.186572
531.000 17.136765 0.186250
532.000 17.323445 0.185604
533.000 17.131935 0.184369
534.000 16.738972 0.183484
535.000 17.096075 0.183826
536.000 17.106861 0.184348
537.000 17.252081 0.184246
538.000 17.178710 0.184115
539.000 16.938385 0.184440
540.000 17.261496 0.185298
541.000 17.398177 0.186394
542.000 17.688143 0.187317
543.000 17.782420 0.188073
544.000 17.897133 0.188856
545.000 18.318981 0.190389
546.000 18.407952 0.191498
547.000 18.690029 0.192293
548.000 18.721905 0.193151
549.000 18.804011 0.193766
550.000 19.026559 0.193836
551.000 19.109052 0.194227
552.000 19.300686 0.194919
553.000 19.272518 0.195380
554.000 19.132942 0.195506
555.000 19.329718 0.196108
556.000 19.492996 0.196968
557.000 19.279318 0.197798
558.000 19.557872 0.198574
559.000 20.133739 0.198828
560.000 19.747514 0.198468
561.000 19.095802 0.197964
562.000 19.529163 0.197426
563.000 19.545173 0.197229
564.000 19.249424 0.197116
565.000 19.947951 0.197162
566.000 19.756147 0.197336
567.000 19.690091 0.197315
568.000 19.396781 0.196827
569.000 19.446068 0.196410
570.000 19.410252 0.195871
571.000 19.229268 0.195315
572.000 18.853286 0.194531
573.000 18.823581 0.193522
574.000 18.685333 0.192867
575.000 18.687597 0.192721
576.000 18.351800 0.192307
577.000 18.546099 0.192019
578.000 18.427217 0.191662
579.000 18.459607 0.191599
580.000 18.455035 0.191611
581.000 18.255142 0.192207
582.000 18.879882 0.193161
583.000 19.066448 0.194226
584.000 18.747545 0.194672
585.000 19.000241 0.194727
586.000 18.781069 0.194356
587.000 18.881450 0.194477
588.000 19.260961 0.194974
589.000 19.219773 0.195234
590.000 19.621544 0.195839
591.000 19.468895 0.196939
592.000 19.445215 0.198029
593.000 19.912615 0.199155
594.000 19.565775 0.199971
595.000 20.547234 0.200662
596.000 20.247621 0.200688
597.000 20.265270 0.200594
598.000 20.190353 0.200517
599.000 19.944300 0.200293
720.000 19.437031 0.196212
721.000 19.434069 0.196845
722.000 19.463428 0.196914
723.000 19.356470 0.197204
724.000 19.123296 0.197283
725.000 19.256787 0.197215
726.000 19.627939 0.197287
727.000 19.293139 0.196559
728.000 19.275711 0.195474
729.000 18.797104 0.195081
730.000 19.158650 0.194973
731.000 19.286564 0.195260
732.000 18.708442 0.195515
733.000 19.264227 0.195828
734.000 19.690578 0.196381
735.000 19.276439 0.196964
736.000 19.772123 0.197722
737.000 19.762036 0.198624
738.000 20.022124 0.199116
739.000 19.814374 0.199311
740.000 19.737077 0.199311
741.000 19.882548 0.199694
742.000 20.005745 0.200246
743.000 20.039566 0.200639
744.000 20.026270 0.200863
745.000 20.399090 0.200739
746.000 19.964299 0.200255
747.000 19.694361 0.199527
748.000 19.627771 0.198921
749.000 19.829974 0.198515
750.000 19.165919 0.197877
751.000 19.675713 0.197728
752.000 19.812276 0.198200
753.000 20.091842 0.199040
754.000 19.791187 0.199245
755.000 19.664451 0.198987
756.000 19.780853 0.198578
757.000 19.725487 0.198333
758.000 19.980539 0.198446
759.000 19.762951 0.198606
760.000 19.701785 0.198777
761.000 19.600931 0.199177
762.000 19.961859 0.199865
763.000 19.963996 0.199592
764.000 19.983891 0.198591
765.000 19.585931 0.197660
766.000 19.684873 0.196923
767.000 19.570758 0.196455
768.000 19.067272 0.195895
769.000 19.005734 0.195953
770.000 19.126963 0.196067
771.000 19.227613 0.196180
772.000 19.199270 0.196609
773.000 19.591607 0.197095
774.000 19.754648 0.197940
775.000 19.949336 0.198387
776.000 19.830645 0.198715
777.000 19.701590 0.198781
778.000 19.870651 0.198786
779.000 19.592220 0.198703
780.000 19.782443 0.198603
781.000 19.433510 0.197750
782.000 19.589443 0.196628
783.000 18.589358 0.195340
784.000 19.053215 0.194208
785.000 18.946097 0.193623
786.000 18.709459 0.193325
787.000 18.669829 0.192742
788.000 18.645475 0.192749
789.000 18.961782 0.193294
790.000 19.179439 0.194051
791.000 18.937273 0.194446
792.000 19.221742 0.194287
793.000 18.640437 0.193569
794.000 18.821264 0.193445
795.000 18.832788 0.193482
796.000 18.511683 0.193521
797.000 18.807438 0.193462
798.000 18.542933 0.193088
799.000 18.820997 0.193066
800.000 18.443990 0.192795
801.000 18.243282 0.192639
802.000 18.372146 0.192835
803.000 18.621246 0.192805
804.000 18.541220 0.192102
805.000 18.438021 0.191536
806.000 18.177843 0.191280
807.000 18.373332 0.190754
808.000 18.099910 0.190657
809.000 18.192310 0.190814
810.000 18.462498 0.191027
811.000 18.286191 0.191245
812.000 17.919399 0.191043
813.000 18.337900 0.190644
814.000 18.118630 0.190207
815.000 18.126974 0.190637
816.000 18.551625 0.191185
817.000 18.168777 0.191099
818.000 18.334278 0.190686
819.000 18.169098 0.190337
820.000 18.584289 0.190061
821.000 17.719585 0.189906
822.000 18.206100 0.190471
823.000 18.392215 0.191293
824.000 18.616250 0.191709
825.000 18.388995 0.192043
826.000 18.382084 0.192221
827.000 18.816959 0.192456
828.000 18.529451 0.192778
829.000 18.625662 0.192573
830.000 18.410504 0.191786
831.000 18.402476 0.191311
832.000 17.976937 0.190813
833.000 18.103539 0.190671
834.000 18.254596 0.190976
835.000 18.231755 0.190694
836.000 18.464436 0.190924
837.000 18.552942 0.191968
838.000 18.759965 0.192973
839.000 18.765194 0.193629
840.000 19.236972 0.194740
841.000 19.133939 0.196073
842.000 19.542922 0.197640
843.000 19.492172 0.198777
844.000 19.814496 0.199962
845.000 20.302749 0.200502
846.000 20.144658 0.200610
847.000 19.748986 0.200443
848.000 20.061528 0.200192
849.000 20.038108 0.200268
850.000 19.852718 0.200241
851.000 20.171543 0.200365
852.000 20.173070 0.200975
853.000 20.266912 0.201164
854.000 20.590567 0.201834
855.000 20.446550 0.202679
856.000 20.878422 0.203114
857.000 20.695064 0.203556
858.000 20.803229 0.204075
859.000 21.131276 0.204138
860.000 20.787184 0.203362
861.000 20.375212 0.202116
862.000 20.283700 0.201376
863.000 20.248247 0.200868
864.000 19.901477 0.200807
865.000 20.319524 0.200772
866.000 20.143932 0.200568
867.000 19.884923 0.200564
868.000 19.995237 0.200765
869.000 20.393161 0.200940
870.000 20.067122 0.201446
871.000 20.819240 0.201768
872.000 20.223091 0.202026
873.000 20.433719 0.201798
874.000 19.722540 0.201020
875.000 20.085338 0.200347
876.000 19.867415 0.199709
877.000 19.913468 0.198939
878.000 19.806620 0.198693
879.000 19.688498 0.198626
880.000 20.196561 0.198703
881.000 19.860690 0.198393
882.000 19.455007 0.197850
883.000 19.588277 0.197446
884.000 19.002768 0.197717
885.000 19.600524 0.198442
886.000 20.157912 0.199417
887.000 19.932311 0.200085
888.000 20.170808 0.200577
889.000 20.018943 0.201120
890.000 20.441974 0.201286
891.000 20.327147 0.201385
892.000 20.368905 0.201710
893.000 20.619644 0.202017
894.000 20.752545 0.201975
895.000 20.526838 0.201698
896.000 19.981507 0.201523
897.000 20.396829 0.201458
898.000 20.466611 0.201937
899.000 20.366705 0.202853
900.000 20.412740 0.203554
901.000 20.739623 0.203956
902.000 20.721796 0.203761
903.000 20.705324 0.203450
904.000 20.493392 0.203074
905.000 20.552324 0.202476
906.000 20.426239 0.201718
907.000 20.188204 0.201121
908.000 20.300222 0.201006
909.000 20.037371 0.200669
910.000 19.669211 0.199813
911.000 19.929879 0.199553
912.000 20.186042 0.199948
913.000 20.601982 0.200207
914.000 19.658908 0.200321
915.000 19.928811 0.200047
916.000 19.723953 0.199391
917.000 19.799310 0.198625
918.000 19.335009 0.197426
919.000 19.261185 0.196047
920.000 19.258348 0.195173
921.000 18.752900 0.194316
922.000 18.738641 0.193565
923.000 18.927255 0.192855
924.000 18.631332 0.192055
925.000 18.062724 0.191593
926.000 18.739334 0.191434
927.000 18.213268 0.191439
928.000 18.481442 0.191853
929.000 18.379900 0.192040
930.000 18.391825 0.192143
931.000 18.326245 0.192039
932.000 18.626990 0.192290
933.000 18.315564 0.192064
934.000 18.191921 0.191903
935.000 18.364433 0.192112
936.000 18.545711 0.192486
937.000 18.250528 0.192961
938.000 18.774253 0.192876
939.000 18.526300 0.193101
940.000 18.893141 0.193557
941.000 19.138255 0.194158
942.000 19.015013 0.194589
943.000 19.176798 0.195196
944.000 19.093100 0.195752
945.000 19.126580 0.196143
946.000 18.967883 0.196561
947.000 19.376699 0.196938
948.000 19.310854 0.196957
949.000 18.943500 0.196912
950.000 19.359139 0.196383
951.000 19.384573 0.195275
952.000 18.920829 0.194015
953.000 18.812742 0.192704
954.000 18.392008 0.191949
955.000 18.259473 0.192006
956.000 18.572839 0.192556
957.000 18.564460 0.192922
958.000 18.390764 0.192810
959.000 18.789268 0.192711
