# date, mag, err_mag
-0.000 20.046906 0.197533
1.000 19.762406 0.196689
2.000 19.979053 0.196754
3.000 19.906243 0.197339
4.000 20.044356 0.197573
5.000 19.807730 0.197524
6.000 19.977359 0.197802
7.000 20.241338 0.197395
8.000 19.949156 0.196965
9.000 19.726066 0.197287
10.000 19.731807 0.198108
11.000 20.498340 0.199144
12.000 20.437115 0.200424
13.000 20.623727 0.200390
14.000 20.323269 0.199959
15.000 20.623614 0.199784
16.000 20.507538 0.199696
17.000 20.202561 0.199469
18.000 20.451608 0.200000
19.000 20.453342 0.200546
20.000 20.528446 0.200381
21.000 20.580801 0.200538
22.000 20.790867 0.201292
23.000 20.916262 0.202063
24.000 21.445545 0.202427
25.000 20.922221 0.202699
26.000 20.865888 0.202334
27.000 20.553083 0.202167
28.000 20.711176 0.201352
29.000 20.744242 0.200507
30.000 20.354866 0.199808
31.000 20.405211 0.198810
32.000 20.414873 0.198179
33.000 20.222630 0.197752
34.000 20.023611 0.196890
35.000 19.835724 0.195910
36.000 19.921430 0.195407
37.000 19.777351 0.195748
38.000 20.046209 0.196503
39.000 20.042016 0.197046
40.000 20.047467 0.197342
41.000 19.796313 0.197387
42.000 19.814952 0.197628
43.000 19.868203 0.197501
44.000 20.308448 0.197490
45.000 19.831447 0.197323
46.000 19.953549 0.197668
47.000 20.010932 0.197298
48.000 19.742605 0.197129
49.000 19.380893 0.196294
50.000 19.494982 0.194798
51.000 19.724596 0.194778
52.000 19.535687 0.195574
53.000 19.477658 0.196248
54.000 19.933636 0.196993
55.000 19.486340 0.197069
56.000 19.880435 0.196555
57.000 19.490053 0.195858
58.000 19.470981 0.194941
59.000 19.562968 0.193819
60.000 19.218046 0.193596
61.000 19.249758 0.193716
62.000 19.363359 0.193816
63.000 19.658560 0.194288
64.000 19.298355 0.194722
65.000 19.528648 0.194597
66.000 19.461189 0.194974
67.000 19.353104 0.195502
68.000 19.511863 0.195546
69.000 19.384822 0.195705
70.000 19.514568 0.196077
71.000 19.702148 0.196514
72.000 20.115951 0.196839
73.000 19.601964 0.196129
74.000 19.701563 0.195325
75.000 19.554504 0.194390
76.000 19.276881 0.193628
77.000 19.090687 0.193136
78.000 18.885318 0.192515
79.000 19.003467 0.191849
80.000 19.041659 0.191853
81.000 18.934701 0.192351
82.000 18.857105 0.193286
83.000 19.490671 0.194720
84.000 19.804153 0.196106
85.000 19.844604 0.196949
86.000 19.835324 0.197159
87.000 19.886217 0.196711
88.000 19.781946 0.196752
89.000 19.665516 0.196652
90.000 19.811691 0.196561
91.000 19.782035 0.196281
92.000 19.806528 0.196598
93.000 20.174580 0.197480
94.000 20.179032 0.199163
95.000 20.415897 0.200612
96.000 20.784056 0.201389
97.000 21.395656 0.201798
98.000 20.739131 0.202112
99.000 21.191557 0.202316
100.000 21.137421 0.202353
101.000 20.586457 0.202115
102.000 20.891981 0.201042
103.000 20.527227 0.200083
104.000 20.645279 0.199683
105.000 20.372346 0.200117
106.000 20.725161 0.199996
107.000 20.540585 0.199886
108.000 20.689156 0.199988
109.000 20.793786 0.199424
110.000 20.407510 0.199043
111.000 20.403423 0.199142
112.000 20.782770 0.199354
113.000 20.041271 0.199467
114.000 20.553690 0.199148
115.000 20.299160 0.200207
116.000 21.039560 0.201331
117.000 20.544375 0.201713
118.000 20.443689 0.202208
119.000 21.063575 0.202256
120.000 20.734125 0.202422
121.000 20.938806 0.202298
122.000 20.928496 0.202823
123.000 20.994397 0.203638
124.000 21.242896 0.203772
125.000 21.221483 0.203712
126.000 20.801796 0.203068
127.000 21.074669 0.202434
128.000 21.022868 0.202149
129.000 21.128084 0.202415
130.000 20.986811 0.202338
131.000 21.033938 0.201490
132.000 20.935480 0.201054
133.000 21.012311 0.201206
134.000 21.041759 0.201555
135.000 20.948931 0.201225
136.000 20.610750 0.200694
137.000 20.911523 0.199997
138.000 20.432215 0.199455
139.000 20.085976 0.198659
140.000 19.788185 0.198080
141.000 19.978252 0.197746
142.000 20.104672 0.197112
143.000 19.814625 0.196300
144.000 19.401834 0.195974
145.000 19.440911 0.195092
146.000 19.625280 0.194496
147.000 19.438822 0.193732
148.000 18.978107 0.192768
149.000 18.950976 0.192566
150.000 19.396326 0.193021
151.000 19.302749 0.193105
152.000 18.934406 0.193121
153.000 18.433589 0.193238
154.000 18.959944 0.193360
155.000 19.136636 0.192608
156.000 18.722289 0.191909
157.000 18.996203 0.192115
158.000 19.020606 0.192847
159.000 19.086123 0.193182
160.000 18.972102 0.192861
161.000 18.975550 0.192513
162.000 19.050888 0.192751
163.000 19.162601 0.193894
164.000 19.269921 0.195138
165.000 19.223053 0.195192
166.000 19.683114 0.195266
167.000 19.465271 0.196221
168.000 19.712040 0.197364
169.000 20.346670 0.198107
170.000 20.332726 0.198580
171.000 19.644393 0.197990
172.000 19.614866 0.197163
173.000 19.574410 0.196700
174.000 19.784694 0.196880
175.000 20.275759 0.197543
176.000 20.256412 0.197990
177.000 20.228422 0.198082
178.000 20.260489 0.198304
179.000 20.391488 0.199102
180.000 20.732192 0.199955
181.000 20.474011 0.200578
182.000 20.991944 0.201140
183.000 20.953149 0.201172
184.000 20.715117 0.200884
185.000 20.369061 0.201043
186.000 20.882031 0.201040
187.000 20.961622 0.200618
188.000 20.624574 0.200061
189.000 20.564734 0.199230
190.000 20.840599 0.198704
191.000 20.462353 0.199020
192.000 20.398037 0.200090
193.000 20.759727 0.200282
194.000 20.140925 0.199320
195.000 20.153537 0.198550
196.000 19.777331 0.197536
197.000 19.874386 0.197149
198.000 19.776702 0.196797
199.000 20.002708 0.196832
200.000 19.693160 0.196265
201.000 19.393923 0.196371
202.000 19.455866 0.196339
203.000 20.153169 0.196183
204.000 19.877978 0.195934
205.000 19.826624 0.195920
206.000 19.845227 0.195953
207.000 19.368273 0.196447
208.000 19.980067 0.197539
209.000 19.954343 0.197430
210.000 19.751363 0.196916
211.000 19.920546 0.196228
212.000 19.801005 0.196389
213.000 20.089693 0.196501
214.000 19.840818 0.196648
215.000 19.785620 0.197151
216.000 20.089180 0.197884
217.000 19.858722 0.198064
218.000 20.707203 0.197321
219.000 19.540653 0.196583
220.000 19.639541 0.196536
221.000 19.776715 0.197175
222.000 20.519525 0.198138
223.000 20.244853 0.198904
224.000 20.392364 0.199212
225.000 20.193745 0.199183
226.000 20.368841 0.198491
227.000 20.002224 0.198412
228.000 20.252645 0.199295
229.000 20.824672 0.200680
230.000 20.955962 0.201968
231.000 21.423662 0.202770
232.000 21.212207 0.203024
233.000 21.356752 0.203301
234.000 21.502540 0.204084
235.000 21.321784 0.203891
236.000 21.401522 0.203937
237.000 21.010392 0.203637
238.000 21.424946 0.203638
239.000 21.433033 0.203834
360.000 21.127000 0.201744
361.000 21.313942 0.202139
362.000 20.939651 0.202194
363.000 21.065047 0.202484
364.000 20.812090 0.201811
365.000 20.679503 0.200636
366.000 20.638726 0.200199
367.000 20.852770 0.200258
368.000 20.881929 0.200388
369.000 20.434993 0.200109
370.000 20.364721 0.200100
371.000 20.851251 0.200662
372.000 20.552875 0.201465
373.000 20.947486 0.202436
374.000 21.409730 0.202334
375.000 21.061395 0.202143
376.000 20.865221 0.202328
377.000 21.196293 0.203245
378.000 21.291459 0.203962
379.000 21.594727 0.204414
380.000 21.220939 0.204514
381.000 21.254660 0.204796
382.000 21.574960 0.204593
383.000 21.116594 0.204236
384.000 21.115007 0.203585
385.000 21.494714 0.202626
386.000 20.895671 0.202166
387.000 20.883576 0.202504
388.000 20.901965 0.202984
389.000 21.036710 0.203109
390.000 21.079285 0.203466
391.000 20.993171 0.202961
392.000 20.972639 0.201444
393.000 20.543592 0.200510
394.000 20.128262 0.199432
395.000 20.003861 0.198368
396.000 20.106232 0.197731
397.000 20.322280 0.198144
398.000 20.086800 0.198784
399.000 20.535445 0.199501
400.000 20.880748 0.201050
401.000 21.087905 0.201545
402.000 20.705465 0.201200
403.000 20.595508 0.200753
404.000 20.576485 0.199927
405.000 20.162961 0.199646
406.000 20.404466 0.199178
407.000 20.322341 0.198267
408.000 19.835831 0.197409
409.000 20.136634 0.196853
410.000 19.557419 0.196636
411.000 20.186115 0.197170
412.000 19.883136 0.197330
413.000 19.568344 0.196853
414.000 19.573347 0.196269
415.000 19.441222 0.195614
416.000 19.499643 0.194168
417.000 18.967459 0.193249
418.000 19.192215 0.193111
419.000 18.813766 0.192544
420.000 19.056270 0.192133
421.000 19.030237 0.192444
422.000 19.199499 0.191759
423.000 18.761775 0.191219
424.000 18.941149 0.190842
425.000 18.824565 0.190607
426.000 18.858606 0.190222
427.000 18.698149 0.190553
428.000 18.622034 0.191025
429.000 18.623885 0.191145
430.000 18.440644 0.190425
431.000 18.719086 0.190165
432.000 18.345776 0.190043
433.000 18.194510 0.190004
434.000 18.304907 0.189450
435.000 18.138375 0.188461
436.000 17.891199 0.187774
437.000 18.372569 0.187857
438.000 17.829191 0.187922
439.000 17.965548 0.188428
440.000 17.998618 0.189518
441.000 18.728024 0.190291
442.000 19.020215 0.190755
443.000 18.438502 0.190906
444.000 18.549733 0.190717
445.000 18.878644 0.190796
446.000 18.812299 0.190968
447.000 18.646181 0.191096
448.000 18.770387 0.191699
449.000 18.203654 0.191804
450.000 19.414982 0.192146
451.000 19.073090 0.192442
452.000 19.186480 0.192727
453.000 19.277150 0.193571
454.000 19.741420 0.194645
455.000 19.375468 0.195353
456.000 19.674477 0.195663
457.000 19.739979 0.196372
458.000 19.963384 0.197873
459.000 20.672138 0.198716
460.000 20.169628 0.198848
461.000 20.514703 0.199393
462.000 20.858857 0.200206
463.000 20.831206 0.200855
464.000 20.919972 0.201501
465.000 20.758753 0.201902
466.000 21.195960 0.202364
467.000 21.099948 0.202560
468.000 21.116928 0.202395
469.000 20.872631 0.201817
470.000 20.699861 0.201442
471.000 21.157028 0.202008
472.000 20.996980 0.202015
473.000 21.238280 0.202172
474.000 21.016332 0.201777
475.000 20.801737 0.201504
476.000 20.930226 0.201084
477.000 20.644573 0.201218
478.000 21.341678 0.202353
479.000 21.259940 0.203344
480.000 21.292490 0.203737
481.000 21.344962 0.203603
482.000 21.538450 0.203385
483.000 21.050111 0.203057
484.000 21.365653 0.202233
485.000 20.674769 0.201461
486.000 20.535909 0.200969
487.000 20.708686 0.200914
488.000 20.371699 0.200320
489.000 20.499543 0.199837
490.000 20.374006 0.198831
491.000 19.952068 0.196657
492.000 19.303423 0.195101
493.000 19.639732 0.194043
494.000 19.257793 0.193190
495.000 19.149525 0.192875
496.000 19.061797 0.192905
497.000 19.363437 0.192953
498.000 19.138219 0.193224
499.000 19.060347 0.193151
500.000 18.932232 0.193006
501.000 18.776825 0.192334
502.000 18.915244 0.191610
503.000 18.561616 0.190836
504.000 18.956487 0.190677
505.000 18.764995 0.190739
506.000 18.489118 0.190576
507.000 18.470166 0.190373
508.000 18.761634 0.190658
509.000 18.871701 0.191149
510.000 18.813755 0.191555
511.000 18.949911 0.191590
512.000 18.634202 0.191637
513.000 18.754538 0.191342
514.000 18.328651 0.190437
515.000 18.727280 0.190112
516.000 18.350213 0.189484
517.000 18.558755 0.188896
518.000 18.134352 0.188664
519.000 18.117910 0.189127
520.000 18.371373 0.188882
521.000 18.295678 0.189188
522.000 18.629593 0.189709
523.000 18.765851 0.190096
524.000 18.636357 0.190937
525.000 19.078497 0.191382
526.000 19.106601 0.191208
527.000 18.762772 0.191634
528.000 18.884926 0.192207
529.000 18.705950 0.191785
530.000 18.508263 0.191136
531.000 18.428576 0.190156
532.000 18.368922 0.188833
533.000 18.245510 0.188505
534.000 18.563754 0.188803
535.000 18.433182 0.189586
536.000 18.862352 0.190934
537.000 18.913805 0.192350
538.000 19.315764 0.193712
539.000 19.400887 0.195112
540.000 19.476529 0.195823
541.000 19.416545 0.196727
542.000 19.862319 0.197388
543.000 19.734231 0.197521
544.000 20.372429 0.197492
545.000 20.068562 0.197501
546.000 19.837228 0.197583
547.000 20.309732 0.197886
548.000 20.577003 0.198130
549.000 19.920211 0.197153
550.000 19.576782 0.196035
551.000 19.844091 0.195924
552.000 20.085370 0.196172
553.000 19.847261 0.196383
554.000 19.816579 0.196529
555.000 19.711443 0.196407
556.000 19.943953 0.196675
557.000 19.823394 0.196199
558.000 19.619731 0.195637
559.000 19.342004 0.194788
560.000 19.568202 0.194181
561.000 19.200461 0.194285
562.000 19.450733 0.194662
563.000 19.658504 0.194966
564.000 19.487979 0.195644
565.000 19.779395 0.195587
566.000 19.780871 0.195416
567.000 19.515870 0.194802
568.000 19.500953 0.194664
569.000 19.493923 0.195749
570.000 20.022417 0.197445
571.000 19.905206 0.198564
572.000 20.318331 0.199456
573.000 20.393397 0.199449
574.000 20.264577 0.199189
575.000 20.492280 0.198737
576.000 20.492355 0.198895
577.000 20.369670 0.199136
578.000 20.597874 0.198942
579.000 19.824426 0.198139
580.000 19.910310 0.197708
581.000 20.036174 0.197241
582.000 19.840485 0.196468
583.000 19.490043 0.196313
584.000 20.040316 0.196463
585.000 19.771062 0.196470
586.000 19.683709 0.196268
587.000 19.918622 0.196967
588.000 20.323090 0.197546
589.000 20.042899 0.197904
590.000 20.036775 0.198765
591.000 20.128227 0.199091
592.000 20.568772 0.199223
593.000 20.325310 0.199165
594.000 20.606848 0.199643
595.000 20.336502 0.200210
596.000 20.414845 0.200391
597.000 20.543511 0.200239
598.000 20.225039 0.199954
599.000 19.996931 0.199577
720.000 20.524088 0.200652
721.000 20.371502 0.200734
722.000 20.212316 0.200154
723.000 20.738008 0.200068
724.000 20.552935 0.200589
725.000 20.650715 0.200274
726.000 20.541740 0.199991
727.000 20.704347 0.199875
728.000 20.187227 0.198812
729.000 19.987082 0.197711
730.000 20.095670 0.196858
731.000 19.494683 0.196354
732.000 19.889635 0.196015
733.000 19.866261 0.195550
734.000 19.521945 0.194424
735.000 19.161122 0.193209
736.000 19.129436 0.192418
737.000 19.035606 0.192117
738.000 19.217909 0.192552
739.000 19.167674 0.192694
740.000 19.339861 0.192804
741.000 19.095749 0.193374
742.000 19.049372 0.193260
743.000 18.928423 0.193080
744.000 19.293022 0.192657
745.000 19.101840 0.192449
746.000 18.775489 0.193119
747.000 19.361284 0.194180
748.000 19.201847 0.194182
749.000 19.278989 0.194331
750.000 19.626190 0.194440
751.000 19.491943 0.194077
752.000 19.398089 0.194429
753.000 19.273080 0.194841
754.000 19.672597 0.195385
755.000 20.010953 0.195925
756.000 19.797897 0.196875
757.000 20.564791 0.197932
758.000 19.850892 0.198229
759.000 20.324067 0.197587
760.000 19.788725 0.197405
761.000 19.848538 0.197229
762.000 19.742191 0.197192
763.000 20.120943 0.196778
764.000 20.198192 0.197270
765.000 19.856973 0.197833
766.000 20.042459 0.197763
767.000 20.066645 0.197832
768.000 20.186179 0.198328
769.000 20.424488 0.198856
770.000 20.596540 0.199100
771.000 20.375181 0.199524
772.000 20.277957 0.199878
773.000 20.910924 0.200563
774.000 20.832967 0.200583
775.000 20.600088 0.200503
776.000 21.197675 0.201620
777.000 21.195388 0.202292
778.000 20.953207 0.201723
779.000 20.849474 0.200568
780.000 20.654874 0.199304
781.000 20.142053 0.198227
782.000 19.645347 0.196553
783.000 19.542901 0.194802
784.000 19.327045 0.193513
785.000 18.976738 0.192232
786.000 18.816840 0.192229
787.000 18.770596 0.192235
788.000 19.066953 0.192710
789.000 19.387400 0.193564
790.000 19.156507 0.193736
791.000 19.354406 0.193148
792.000 19.026372 0.191755
793.000 18.591901 0.190960
794.000 18.558691 0.190244
795.000 18.437496 0.189224
796.000 18.437074 0.189258
797.000 18.524876 0.189433
798.000 18.581922 0.189822
799.000 19.061157 0.190249
800.000 18.901031 0.191302
801.000 18.890598 0.192027
802.000 18.739186 0.192280
803.000 19.222822 0.193334
804.000 19.159938 0.194215
805.000 19.656899 0.195196
806.000 19.991365 0.196027
807.000 19.895908 0.196594
808.000 20.026965 0.196785
809.000 19.532193 0.196166
810.000 19.704710 0.195693
811.000 19.239653 0.195284
812.000 19.661364 0.195343
813.000 19.636227 0.196053
814.000 20.118694 0.196336
815.000 19.677858 0.196076
816.000 19.536274 0.195980
817.000 19.583718 0.195704
818.000 19.586502 0.195481
819.000 19.552601 0.195492
820.000 19.836272 0.195645
821.000 19.545868 0.195940
822.000 19.597081 0.195403
823.000 19.219125 0.194857
824.000 19.299304 0.194512
825.000 19.467075 0.194928
826.000 19.349719 0.195521
827.000 19.731723 0.195680
828.000 19.412796 0.194817
829.000 19.207949 0.193633
830.000 18.913338 0.192660
831.000 19.042811 0.192405
832.000 19.096228 0.192514
833.000 18.891793 0.192010
834.000 18.559050 0.190990
835.000 18.455124 0.190765
836.000 18.801373 0.191373
837.000 18.825827 0.191576
838.000 18.367599 0.190887
839.000 18.433427 0.189118
840.000 18.446872 0.188272
841.000 18.321044 0.188270
842.000 18.056853 0.187844
843.000 17.765156 0.187198
844.000 17.963151 0.187350
845.000 17.957589 0.188118
846.000 18.654311 0.188693
847.000 18.095754 0.188995
848.000 18.265537 0.188700
849.000 18.273629 0.188832
850.000 18.434030 0.188926
851.000 18.476019 0.189271
852.000 18.203775 0.189323
853.000 18.466500 0.189216
854.000 18.166316 0.189415
855.000 18.319067 0.189597
856.000 18.903537 0.190157
857.000 18.813554 0.190784
858.000 18.817193 0.191326
859.000 18.733872 0.191650
860.000 18.693371 0.191832
861.000 18.967199 0.192567
862.000 19.113412 0.192741
863.000 18.853419 0.192854
864.000 18.997654 0.192608
865.000 19.172808 0.191980
866.000 18.765073 0.191005
867.000 18.659862 0.190393
868.000 18.813028 0.190574
869.000 18.615398 0.191128
870.000 18.728201 0.191885
871.000 19.540840 0.193033
872.000 19.060383 0.194763
873.000 19.933973 0.195886
874.000 19.840419 0.196532
875.000 20.085410 0.197660
876.000 20.366327 0.198176
877.000 20.100438 0.197666
878.000 19.971342 0.197525
879.000 20.115626 0.197577
880.000 19.869844 0.196782
881.000 19.891064 0.195983
882.000 19.857331 0.195403
883.000 19.307811 0.194304
884.000 18.908336 0.193247
885.000 18.809074 0.192384
886.000 19.126454 0.191785
887.000 18.774610 0.191754
888.000 18.678258 0.191438
889.000 18.655408 0.191304
890.000 18.938571 0.191993
891.000 19.243119 0.192842
892.000 19.151316 0.193672
893.000 19.407834 0.194149
894.000 18.955257 0.193668
895.000 18.963628 0.192880
896.000 18.574523 0.191904
897.000 18.600041 0.191024
898.000 18.760318 0.191010
899.000 18.944964 0.191476
900.000 18.722282 0.191804
901.000 18.786207 0.191890
902.000 18.999636 0.192563
903.000 19.067651 0.193893
904.000 19.512474 0.194877
905.000 19.650594 0.195378
906.000 19.556074 0.195457
907.000 19.787850 0.196092
908.000 20.067835 0.196592
909.000 19.791203 0.197953
910.000 19.998508 0.198842
911.000 20.608472 0.200013
912.000 20.539169 0.201691
913.000 20.957448 0.203394
914.000 21.674334 0.204438
915.000 21.808964 0.204410
916.000 21.211753 0.203874
917.000 20.816505 0.203221
918.000 20.903932 0.202176
919.000 20.534905 0.201072
920.000 20.719474 0.200334
921.000 20.697312 0.200096
922.000 20.722279 0.199728
923.000 20.697346 0.200869
924.000 21.117068 0.201471
925.000 20.779713 0.200487
926.000 20.434124 0.199378
927.000 20.254059 0.198860
928.000 20.202607 0.198829
929.000 19.993545 0.198869
930.000 20.187568 0.198864
931.000 20.539498 0.199075
932.000 20.176517 0.198959
933.000 20.352387 0.198567
934.000 20.358740 0.198735
935.000 20.495988 0.198815
936.000 20.314604 0.198768
937.000 20.410532 0.198892
938.000 19.867478 0.198811
939.000 20.413712 0.198715
940.000 20.257991 0.198847
941.000 20.464155 0.199280
942.000 20.479922 0.199507
943.000 20.538083 0.199477
944.000 20.545506 0.199435
945.000 20.421834 0.199410
946.000 20.558601 0.199680
947.000 20.637527 0.199666
948.000 20.508645 0.199783
949.000 20.718098 0.199773
950.000 20.531331 0.200089
951.000 20.490453 0.200247
952.000 20.423466 0.200009
953.000 20.505659 0.199688
954.000 20.448466 0.199468
955.000 20.406315 0.199250
956.000 19.812258 0.198922
957.000 20.367461 0.199207
958.000 20.228084 0.199455
959.000 20.819980 0.200067
