5.310200000000000000e+04
5.310500000000000000e+04
5.310800000000000000e+04
5.311100000000000000e+04
5.311400000000000000e+04
5.311700000000000000e+04
5.312000000000000000e+04
5.312300000000000000e+04
5.312600000000000000e+04
5.312900000000000000e+04
5.313200000000000000e+04
5.313500000000000000e+04
5.313800000000000000e+04
5.314100000000000000e+04
5.314400000000000000e+04
5.314700000000000000e+04
5.315000000000000000e+04
5.315300000000000000e+04
5.315600000000000000e+04
5.315900000000000000e+04
5.316200000000000000e+04
5.316500000000000000e+04
5.316800000000000000e+04
5.317100000000000000e+04
5.317400000000000000e+04
5.317700000000000000e+04
5.318000000000000000e+04
5.318300000000000000e+04
5.318600000000000000e+04
5.318900000000000000e+04
5.319200000000000000e+04
5.319500000000000000e+04
5.319800000000000000e+04
5.320100000000000000e+04
5.320400000000000000e+04
5.320700000000000000e+04
5.321000000000000000e+04
5.321300000000000000e+04
5.321600000000000000e+04
5.321900000000000000e+04
5.322200000000000000e+04
5.322500000000000000e+04
5.322800000000000000e+04
5.323100000000000000e+04
5.323400000000000000e+04
5.323700000000000000e+04
5.324000000000000000e+04
5.324300000000000000e+04
5.324600000000000000e+04
5.324900000000000000e+04
5.325200000000000000e+04
5.325500000000000000e+04
5.325800000000000000e+04
5.326100000000000000e+04
5.326400000000000000e+04
5.326700000000000000e+04
5.327000000000000000e+04
5.327300000000000000e+04
5.327600000000000000e+04
5.327900000000000000e+04
5.328200000000000000e+04
5.328500000000000000e+04
5.328800000000000000e+04
5.329100000000000000e+04
5.329400000000000000e+04
5.329700000000000000e+04
5.330000000000000000e+04
5.330300000000000000e+04
5.330600000000000000e+04
5.330900000000000000e+04
5.331200000000000000e+04
5.331500000000000000e+04
5.331800000000000000e+04
5.332100000000000000e+04
5.332400000000000000e+04
5.332700000000000000e+04
5.333000000000000000e+04
5.333300000000000000e+04
5.333600000000000000e+04
5.333900000000000000e+04
5.334200000000000000e+04
5.334500000000000000e+04
5.334800000000000000e+04
5.335100000000000000e+04
5.335400000000000000e+04
5.335700000000000000e+04
5.336000000000000000e+04
5.336300000000000000e+04
5.336600000000000000e+04
5.336900000000000000e+04
5.337200000000000000e+04
5.337500000000000000e+04
5.337800000000000000e+04
5.338100000000000000e+04
5.338400000000000000e+04
5.338700000000000000e+04
5.339000000000000000e+04
5.339300000000000000e+04
5.339600000000000000e+04
5.339900000000000000e+04
5.340200000000000000e+04
5.340500000000000000e+04
5.340800000000000000e+04
5.341100000000000000e+04
5.341400000000000000e+04
5.341700000000000000e+04
5.342000000000000000e+04
5.342300000000000000e+04
5.342600000000000000e+04
5.342900000000000000e+04
5.343200000000000000e+04
5.343500000000000000e+04
5.343800000000000000e+04
5.344100000000000000e+04
5.344400000000000000e+04
5.344700000000000000e+04
5.345000000000000000e+04
5.345300000000000000e+04
5.345600000000000000e+04
5.345900000000000000e+04
5.346200000000000000e+04
5.346500000000000000e+04
5.346800000000000000e+04
5.347100000000000000e+04
5.347400000000000000e+04
5.347700000000000000e+04
5.348000000000000000e+04
5.348300000000000000e+04
5.348600000000000000e+04
5.348900000000000000e+04
5.349200000000000000e+04
5.349500000000000000e+04
5.349800000000000000e+04
5.350100000000000000e+04
5.350400000000000000e+04
5.350700000000000000e+04
5.351000000000000000e+04
5.351300000000000000e+04
5.351600000000000000e+04
5.351900000000000000e+04
5.352200000000000000e+04
5.352500000000000000e+04
5.352800000000000000e+04
5.353100000000000000e+04
5.353400000000000000e+04
5.353700000000000000e+04
5.354000000000000000e+04
5.354300000000000000e+04
5.354600000000000000e+04
5.354900000000000000e+04
5.355200000000000000e+04
5.355500000000000000e+04
5.355800000000000000e+04
5.356100000000000000e+04
5.356400000000000000e+04
5.356700000000000000e+04
5.357000000000000000e+04
5.357300000000000000e+04
5.357600000000000000e+04
5.357900000000000000e+04
5.358200000000000000e+04
5.358500000000000000e+04
5.358800000000000000e+04
5.359100000000000000e+04
5.359400000000000000e+04
5.359700000000000000e+04
5.360000000000000000e+04
5.360300000000000000e+04
5.360600000000000000e+04
5.360900000000000000e+04
5.361200000000000000e+04
5.361500000000000000e+04
5.361800000000000000e+04
5.362100000000000000e+04
5.362400000000000000e+04
5.362700000000000000e+04
5.363000000000000000e+04
5.363300000000000000e+04
5.363600000000000000e+04
5.363900000000000000e+04
5.364200000000000000e+04
5.364500000000000000e+04
5.364800000000000000e+04
5.365100000000000000e+04
5.365400000000000000e+04
5.365700000000000000e+04
5.366000000000000000e+04
5.366300000000000000e+04
5.366600000000000000e+04
5.366900000000000000e+04
5.367200000000000000e+04
5.367500000000000000e+04
5.367800000000000000e+04
5.368100000000000000e+04
5.368400000000000000e+04
5.368700000000000000e+04
5.369000000000000000e+04
5.369300000000000000e+04
5.369600000000000000e+04
5.369900000000000000e+04
5.370200000000000000e+04
5.370500000000000000e+04
5.370800000000000000e+04
5.371100000000000000e+04
5.371400000000000000e+04
5.371700000000000000e+04
5.372000000000000000e+04
5.372300000000000000e+04
5.372600000000000000e+04
5.372900000000000000e+04
5.373200000000000000e+04
5.373500000000000000e+04
5.373800000000000000e+04
5.374100000000000000e+04
5.374400000000000000e+04
5.374700000000000000e+04
5.375000000000000000e+04
5.375300000000000000e+04
5.375600000000000000e+04
5.375900000000000000e+04
5.376200000000000000e+04
5.376500000000000000e+04
5.376800000000000000e+04
5.377100000000000000e+04
5.377400000000000000e+04
5.377700000000000000e+04
5.378000000000000000e+04
5.378300000000000000e+04
5.378600000000000000e+04
5.378900000000000000e+04
5.379200000000000000e+04
5.379500000000000000e+04
5.379800000000000000e+04
5.380100000000000000e+04
5.380400000000000000e+04
5.380700000000000000e+04
5.381000000000000000e+04
5.381300000000000000e+04
5.381600000000000000e+04
5.381900000000000000e+04
5.382200000000000000e+04
5.382500000000000000e+04
5.382800000000000000e+04
5.383100000000000000e+04
5.383400000000000000e+04
5.383700000000000000e+04
5.384000000000000000e+04
5.384300000000000000e+04
5.384600000000000000e+04
5.384900000000000000e+04
5.385200000000000000e+04
5.385500000000000000e+04
5.385800000000000000e+04
5.386100000000000000e+04
5.386400000000000000e+04
5.386700000000000000e+04
5.387000000000000000e+04
5.387300000000000000e+04
5.387600000000000000e+04
5.387900000000000000e+04
5.388200000000000000e+04
5.388500000000000000e+04
5.388800000000000000e+04
5.389100000000000000e+04
5.389400000000000000e+04
5.389700000000000000e+04
5.390000000000000000e+04
5.390300000000000000e+04
5.390600000000000000e+04
5.390900000000000000e+04
5.391200000000000000e+04
5.391500000000000000e+04
5.391800000000000000e+04
5.392100000000000000e+04
5.392400000000000000e+04
5.392700000000000000e+04
5.393000000000000000e+04
5.393300000000000000e+04
5.393600000000000000e+04
5.393900000000000000e+04
5.394200000000000000e+04
5.394500000000000000e+04
5.394800000000000000e+04
5.395100000000000000e+04
5.395400000000000000e+04
5.395700000000000000e+04
5.396000000000000000e+04
5.396300000000000000e+04
5.396600000000000000e+04
5.396900000000000000e+04
5.397200000000000000e+04
5.397500000000000000e+04
5.397800000000000000e+04
5.398100000000000000e+04
5.398400000000000000e+04
5.398700000000000000e+04
5.399000000000000000e+04
5.399300000000000000e+04
5.399600000000000000e+04
5.399900000000000000e+04
5.400200000000000000e+04
5.400500000000000000e+04
5.400800000000000000e+04
5.401100000000000000e+04
5.401400000000000000e+04
5.401700000000000000e+04
5.402000000000000000e+04
5.402300000000000000e+04
5.402600000000000000e+04
5.402900000000000000e+04
5.403200000000000000e+04
5.403500000000000000e+04
5.403800000000000000e+04
5.404100000000000000e+04
5.404400000000000000e+04
5.404700000000000000e+04
5.405000000000000000e+04
5.405300000000000000e+04
5.405600000000000000e+04
5.405900000000000000e+04
5.406200000000000000e+04
5.406500000000000000e+04
5.406800000000000000e+04
5.407100000000000000e+04
5.407400000000000000e+04
5.407700000000000000e+04
5.408000000000000000e+04
5.408300000000000000e+04
5.408600000000000000e+04
5.408900000000000000e+04
5.409200000000000000e+04
5.409500000000000000e+04
5.409800000000000000e+04
5.410100000000000000e+04
5.410400000000000000e+04
5.410700000000000000e+04
5.411000000000000000e+04
5.411300000000000000e+04
5.411600000000000000e+04
5.411900000000000000e+04
5.412200000000000000e+04
5.412500000000000000e+04
5.412800000000000000e+04
5.413100000000000000e+04
5.413400000000000000e+04
5.413700000000000000e+04
5.414000000000000000e+04
5.414300000000000000e+04
5.414600000000000000e+04
5.414900000000000000e+04
5.415200000000000000e+04
5.415500000000000000e+04
5.415800000000000000e+04
5.416100000000000000e+04
5.416400000000000000e+04
5.416700000000000000e+04
5.417000000000000000e+04
5.417300000000000000e+04
5.417600000000000000e+04
5.417900000000000000e+04
5.418200000000000000e+04
5.418500000000000000e+04
5.418800000000000000e+04
5.419100000000000000e+04
5.419400000000000000e+04
5.419700000000000000e+04
5.420000000000000000e+04
5.420300000000000000e+04
5.420600000000000000e+04
5.420900000000000000e+04
5.421200000000000000e+04
5.421500000000000000e+04
5.421800000000000000e+04
5.422100000000000000e+04
5.422400000000000000e+04
5.422700000000000000e+04
5.423000000000000000e+04
5.423300000000000000e+04
5.423600000000000000e+04
5.423900000000000000e+04
5.424200000000000000e+04
5.424500000000000000e+04
5.424800000000000000e+04
5.425100000000000000e+04
5.425400000000000000e+04
5.425700000000000000e+04
5.426000000000000000e+04
5.426300000000000000e+04
5.426600000000000000e+04
5.426900000000000000e+04
5.427200000000000000e+04
5.427500000000000000e+04
5.427800000000000000e+04
5.428100000000000000e+04
5.428400000000000000e+04
5.428700000000000000e+04
5.429000000000000000e+04
5.429300000000000000e+04
5.429600000000000000e+04
5.429900000000000000e+04
5.430200000000000000e+04
5.430500000000000000e+04
5.430800000000000000e+04
5.431100000000000000e+04
5.431400000000000000e+04
5.431700000000000000e+04
5.432000000000000000e+04
5.432300000000000000e+04
5.432600000000000000e+04
5.432900000000000000e+04
5.433200000000000000e+04
5.433500000000000000e+04
5.433800000000000000e+04
5.434100000000000000e+04
5.434400000000000000e+04
5.434700000000000000e+04
5.435000000000000000e+04
5.435300000000000000e+04
5.435600000000000000e+04
5.435900000000000000e+04
5.436200000000000000e+04
5.436500000000000000e+04
5.436800000000000000e+04
5.437100000000000000e+04
5.437400000000000000e+04
5.437700000000000000e+04
5.438000000000000000e+04
5.438300000000000000e+04
5.438600000000000000e+04
5.438900000000000000e+04
5.439200000000000000e+04
5.439500000000000000e+04
5.439800000000000000e+04
5.440100000000000000e+04
5.440400000000000000e+04
5.440700000000000000e+04
5.441000000000000000e+04
5.441300000000000000e+04
5.441600000000000000e+04
5.441900000000000000e+04
5.442200000000000000e+04
5.442500000000000000e+04
5.442800000000000000e+04
5.443100000000000000e+04
5.443400000000000000e+04
5.443700000000000000e+04
5.444000000000000000e+04
5.444300000000000000e+04
5.444600000000000000e+04
5.444900000000000000e+04
5.445200000000000000e+04
5.445500000000000000e+04
5.445800000000000000e+04
5.446100000000000000e+04
5.446400000000000000e+04
5.446700000000000000e+04
5.447000000000000000e+04
5.447300000000000000e+04
5.447600000000000000e+04
5.447900000000000000e+04
5.448200000000000000e+04
5.448500000000000000e+04
5.448800000000000000e+04
5.449100000000000000e+04
5.449400000000000000e+04
5.449700000000000000e+04
5.450000000000000000e+04
5.450300000000000000e+04
5.450600000000000000e+04
5.450900000000000000e+04
5.451200000000000000e+04
5.451500000000000000e+04
5.451800000000000000e+04
5.452100000000000000e+04
5.452400000000000000e+04
5.452700000000000000e+04
5.453000000000000000e+04
5.453300000000000000e+04
5.453600000000000000e+04
5.453900000000000000e+04
5.454200000000000000e+04
5.454500000000000000e+04
5.454800000000000000e+04
5.455100000000000000e+04
5.455400000000000000e+04
5.455700000000000000e+04
5.456000000000000000e+04
5.456300000000000000e+04
5.456600000000000000e+04
5.456900000000000000e+04
5.457200000000000000e+04
5.457500000000000000e+04
5.457800000000000000e+04
5.458100000000000000e+04
5.458400000000000000e+04
5.458700000000000000e+04
5.459000000000000000e+04
5.459300000000000000e+04
5.459600000000000000e+04
5.459900000000000000e+04
5.460200000000000000e+04
5.460500000000000000e+04
5.460800000000000000e+04
5.461100000000000000e+04
5.461400000000000000e+04
5.461700000000000000e+04
5.462000000000000000e+04
5.462300000000000000e+04
5.462600000000000000e+04
5.462900000000000000e+04
5.463200000000000000e+04
5.463500000000000000e+04
5.463800000000000000e+04
5.464100000000000000e+04
5.464400000000000000e+04
5.464700000000000000e+04
5.465000000000000000e+04
5.465300000000000000e+04
5.465600000000000000e+04
5.465900000000000000e+04
5.466200000000000000e+04
5.466500000000000000e+04
5.466800000000000000e+04
5.467100000000000000e+04
5.467400000000000000e+04
5.467700000000000000e+04
5.468000000000000000e+04
5.468300000000000000e+04
5.468600000000000000e+04
5.468900000000000000e+04
5.469200000000000000e+04
5.469500000000000000e+04
5.469800000000000000e+04
5.470100000000000000e+04
5.470400000000000000e+04
5.470700000000000000e+04
5.471000000000000000e+04
5.471300000000000000e+04
5.471600000000000000e+04
5.471900000000000000e+04
5.472200000000000000e+04
5.472500000000000000e+04
5.472800000000000000e+04
5.473100000000000000e+04
5.473400000000000000e+04
5.473700000000000000e+04
5.474000000000000000e+04
5.474300000000000000e+04
5.474600000000000000e+04
5.474900000000000000e+04
5.475200000000000000e+04
5.475500000000000000e+04
5.475800000000000000e+04
5.476100000000000000e+04
5.476400000000000000e+04
5.476700000000000000e+04
5.477000000000000000e+04
5.477300000000000000e+04
5.477600000000000000e+04
5.477900000000000000e+04
5.478200000000000000e+04
5.478500000000000000e+04
5.478800000000000000e+04
5.479100000000000000e+04
5.479400000000000000e+04
5.479700000000000000e+04
5.480100000000000000e+04
5.480400000000000000e+04
5.480700000000000000e+04
5.481000000000000000e+04
5.481300000000000000e+04
5.481600000000000000e+04
5.481900000000000000e+04
5.482200000000000000e+04
5.482500000000000000e+04
5.482800000000000000e+04
5.483100000000000000e+04
5.483400000000000000e+04
5.483700000000000000e+04
5.484000000000000000e+04
5.484300000000000000e+04
5.484600000000000000e+04
5.484900000000000000e+04
5.485200000000000000e+04
5.485500000000000000e+04
5.485800000000000000e+04
5.486100000000000000e+04
5.486400000000000000e+04
5.486700000000000000e+04
5.487000000000000000e+04
5.487300000000000000e+04
5.487600000000000000e+04
5.487900000000000000e+04
5.488200000000000000e+04
5.488500000000000000e+04
5.488800000000000000e+04
5.489100000000000000e+04
5.489400000000000000e+04
5.489700000000000000e+04
5.490000000000000000e+04
5.490300000000000000e+04
5.490600000000000000e+04
5.490900000000000000e+04
5.491200000000000000e+04
5.491500000000000000e+04
5.491800000000000000e+04
5.492100000000000000e+04
5.492400000000000000e+04
5.492700000000000000e+04
5.493000000000000000e+04
5.493300000000000000e+04
5.493600000000000000e+04
5.493900000000000000e+04
5.494200000000000000e+04
5.494500000000000000e+04
5.494800000000000000e+04
5.495100000000000000e+04
5.495400000000000000e+04
5.495700000000000000e+04
5.496000000000000000e+04
5.496300000000000000e+04
5.496600000000000000e+04
5.496900000000000000e+04
5.497200000000000000e+04
5.497500000000000000e+04
5.497800000000000000e+04
5.498100000000000000e+04
5.498400000000000000e+04
5.498700000000000000e+04
5.499000000000000000e+04
5.499300000000000000e+04
5.499600000000000000e+04
5.499900000000000000e+04
5.500200000000000000e+04
5.500500000000000000e+04
5.500800000000000000e+04
5.501100000000000000e+04
5.501400000000000000e+04
5.501700000000000000e+04
5.502000000000000000e+04
5.502300000000000000e+04
5.502600000000000000e+04
5.502900000000000000e+04
5.503200000000000000e+04
5.503500000000000000e+04
5.503800000000000000e+04
5.504100000000000000e+04
5.504400000000000000e+04
5.504700000000000000e+04
5.505000000000000000e+04
5.505300000000000000e+04
5.505600000000000000e+04
5.505900000000000000e+04
5.506200000000000000e+04
5.506500000000000000e+04
5.506800000000000000e+04
5.507100000000000000e+04
5.507400000000000000e+04
5.507700000000000000e+04
5.508000000000000000e+04
5.508300000000000000e+04
5.508600000000000000e+04
5.508900000000000000e+04
5.509200000000000000e+04
5.509500000000000000e+04
5.509800000000000000e+04
5.510100000000000000e+04
5.510400000000000000e+04
5.510700000000000000e+04
5.511000000000000000e+04
5.511300000000000000e+04
5.511600000000000000e+04
5.511900000000000000e+04
5.512200000000000000e+04
5.512500000000000000e+04
5.512800000000000000e+04
5.513100000000000000e+04
5.513400000000000000e+04
5.513700000000000000e+04
5.514000000000000000e+04
5.514300000000000000e+04
5.514600000000000000e+04
5.514900000000000000e+04
5.515200000000000000e+04
5.515500000000000000e+04
5.515800000000000000e+04
5.516100000000000000e+04
5.516400000000000000e+04
5.516700000000000000e+04
5.517000000000000000e+04
5.517300000000000000e+04
5.517600000000000000e+04
5.517900000000000000e+04
5.518200000000000000e+04
5.518500000000000000e+04
5.518800000000000000e+04
5.519100000000000000e+04
5.519400000000000000e+04
5.519700000000000000e+04
5.520000000000000000e+04
5.520300000000000000e+04
5.520600000000000000e+04
5.520900000000000000e+04
5.521200000000000000e+04
5.521500000000000000e+04
5.521800000000000000e+04
5.522100000000000000e+04
5.522400000000000000e+04
5.522700000000000000e+04
5.523000000000000000e+04
5.523300000000000000e+04
5.523600000000000000e+04
5.523900000000000000e+04
5.524200000000000000e+04
5.524500000000000000e+04
5.524800000000000000e+04
5.525100000000000000e+04
5.525400000000000000e+04
5.525700000000000000e+04
5.526000000000000000e+04
5.526300000000000000e+04
5.526600000000000000e+04
5.526900000000000000e+04
5.527200000000000000e+04
5.527500000000000000e+04
5.527800000000000000e+04
5.528100000000000000e+04
5.528400000000000000e+04
5.528700000000000000e+04
5.529000000000000000e+04
5.529300000000000000e+04
5.529600000000000000e+04
5.529900000000000000e+04
5.530200000000000000e+04
5.530500000000000000e+04
5.530800000000000000e+04
5.531100000000000000e+04
5.531400000000000000e+04
5.531700000000000000e+04
5.532000000000000000e+04
5.532300000000000000e+04
5.532600000000000000e+04
5.532900000000000000e+04
5.533200000000000000e+04
5.533500000000000000e+04
5.533800000000000000e+04
5.534100000000000000e+04
5.534400000000000000e+04
5.534700000000000000e+04
5.535000000000000000e+04
5.535300000000000000e+04
5.535600000000000000e+04
5.535900000000000000e+04
5.536200000000000000e+04
5.536500000000000000e+04
5.536800000000000000e+04
5.537100000000000000e+04
5.537400000000000000e+04
5.537700000000000000e+04
5.538000000000000000e+04
5.538300000000000000e+04
5.538600000000000000e+04
5.538900000000000000e+04
5.539200000000000000e+04
5.539500000000000000e+04
5.539800000000000000e+04
5.540100000000000000e+04
5.540400000000000000e+04
5.540700000000000000e+04
5.541000000000000000e+04
5.541300000000000000e+04
5.541600000000000000e+04
5.541900000000000000e+04
5.542200000000000000e+04
5.542500000000000000e+04
5.542800000000000000e+04
5.543100000000000000e+04
5.543400000000000000e+04
5.543700000000000000e+04
5.544000000000000000e+04
5.544300000000000000e+04
5.544600000000000000e+04
5.544900000000000000e+04
5.545200000000000000e+04
5.545500000000000000e+04
5.545800000000000000e+04
5.546100000000000000e+04
5.546400000000000000e+04
5.546700000000000000e+04
5.547000000000000000e+04
5.547300000000000000e+04
5.547600000000000000e+04
5.547900000000000000e+04
5.548200000000000000e+04
5.548500000000000000e+04
5.548800000000000000e+04
5.549100000000000000e+04
5.549400000000000000e+04
5.549700000000000000e+04
5.550000000000000000e+04
5.550300000000000000e+04
5.550600000000000000e+04
5.550900000000000000e+04
5.551200000000000000e+04
5.551500000000000000e+04
5.551800000000000000e+04
5.552100000000000000e+04
5.552400000000000000e+04
5.552700000000000000e+04
5.553000000000000000e+04
5.553300000000000000e+04
5.553600000000000000e+04
5.553900000000000000e+04
5.554200000000000000e+04
5.554500000000000000e+04
5.554800000000000000e+04
5.555100000000000000e+04
5.555400000000000000e+04
5.555700000000000000e+04
5.556000000000000000e+04
5.556300000000000000e+04
5.556600000000000000e+04
5.556900000000000000e+04
5.557200000000000000e+04
5.557500000000000000e+04
5.557800000000000000e+04
5.558100000000000000e+04
5.558400000000000000e+04
5.558700000000000000e+04
5.559000000000000000e+04
5.559300000000000000e+04
5.559600000000000000e+04
5.559900000000000000e+04
5.560200000000000000e+04
5.560500000000000000e+04
5.560800000000000000e+04
5.561100000000000000e+04
5.561400000000000000e+04
5.561700000000000000e+04
5.562000000000000000e+04
5.562300000000000000e+04
5.562600000000000000e+04
5.562900000000000000e+04
5.563200000000000000e+04
5.563500000000000000e+04
5.563800000000000000e+04
5.564100000000000000e+04
5.564400000000000000e+04
5.564700000000000000e+04
5.565000000000000000e+04
5.565300000000000000e+04
5.565600000000000000e+04
5.565900000000000000e+04
5.566200000000000000e+04
5.566500000000000000e+04
5.566800000000000000e+04
5.567100000000000000e+04
5.567400000000000000e+04
5.567700000000000000e+04
5.568000000000000000e+04
5.568300000000000000e+04
5.568600000000000000e+04
5.568900000000000000e+04
5.569200000000000000e+04
5.569500000000000000e+04
5.569800000000000000e+04
5.570100000000000000e+04
5.570400000000000000e+04
5.570700000000000000e+04
5.571000000000000000e+04
5.571300000000000000e+04
5.571600000000000000e+04
5.571900000000000000e+04
5.572200000000000000e+04
5.572500000000000000e+04
5.572800000000000000e+04
5.573100000000000000e+04
5.573400000000000000e+04
5.573700000000000000e+04
5.574000000000000000e+04
5.574300000000000000e+04
5.574600000000000000e+04
5.574900000000000000e+04
5.575200000000000000e+04
5.575500000000000000e+04
5.575800000000000000e+04
5.576100000000000000e+04
5.576400000000000000e+04
5.576700000000000000e+04
5.577000000000000000e+04
5.577300000000000000e+04
5.577600000000000000e+04
5.577900000000000000e+04
5.578200000000000000e+04
5.578500000000000000e+04
5.578800000000000000e+04
5.579100000000000000e+04
5.579400000000000000e+04
5.579700000000000000e+04
5.580000000000000000e+04
5.580300000000000000e+04
5.580600000000000000e+04
5.580900000000000000e+04
5.581200000000000000e+04
5.581500000000000000e+04
5.581800000000000000e+04
5.582100000000000000e+04
5.582400000000000000e+04
5.582700000000000000e+04
5.583000000000000000e+04
5.583300000000000000e+04
5.583600000000000000e+04
5.583900000000000000e+04
5.584200000000000000e+04
5.584500000000000000e+04
5.584800000000000000e+04
5.585100000000000000e+04
5.585400000000000000e+04
5.585700000000000000e+04
5.586000000000000000e+04
5.586300000000000000e+04
5.586600000000000000e+04
5.586900000000000000e+04
5.587200000000000000e+04
5.587500000000000000e+04
5.587800000000000000e+04
5.588100000000000000e+04
5.588400000000000000e+04
5.588700000000000000e+04
5.589000000000000000e+04
5.589300000000000000e+04
5.589600000000000000e+04
5.589900000000000000e+04
5.590200000000000000e+04
5.590500000000000000e+04
5.590800000000000000e+04
5.591100000000000000e+04
5.591400000000000000e+04
5.591700000000000000e+04
5.592000000000000000e+04
5.592300000000000000e+04
5.592600000000000000e+04
5.592900000000000000e+04
5.593200000000000000e+04
5.593500000000000000e+04
5.593800000000000000e+04
5.594100000000000000e+04
5.594400000000000000e+04
5.594700000000000000e+04
5.595000000000000000e+04
5.595300000000000000e+04
5.595600000000000000e+04
5.595900000000000000e+04
5.596200000000000000e+04
5.596500000000000000e+04
5.596800000000000000e+04
5.597100000000000000e+04
5.597400000000000000e+04
5.597700000000000000e+04
5.598000000000000000e+04
5.598300000000000000e+04
5.598600000000000000e+04
5.598900000000000000e+04
5.599200000000000000e+04
5.599500000000000000e+04
5.599800000000000000e+04
5.600100000000000000e+04
5.600400000000000000e+04
5.600700000000000000e+04
5.601000000000000000e+04
5.601300000000000000e+04
5.601600000000000000e+04
5.601900000000000000e+04
5.602200000000000000e+04
5.602500000000000000e+04
5.602800000000000000e+04
5.603100000000000000e+04
5.603400000000000000e+04
5.603700000000000000e+04
5.604000000000000000e+04
5.604300000000000000e+04
5.604600000000000000e+04
5.604900000000000000e+04
5.605200000000000000e+04
5.605500000000000000e+04
5.605800000000000000e+04
5.606100000000000000e+04
5.606400000000000000e+04
5.606700000000000000e+04
5.607000000000000000e+04
5.607300000000000000e+04
5.607600000000000000e+04
5.607900000000000000e+04
5.608200000000000000e+04
5.608500000000000000e+04
5.608800000000000000e+04
5.609100000000000000e+04
5.609400000000000000e+04
5.609700000000000000e+04
5.610000000000000000e+04
5.610300000000000000e+04
5.610600000000000000e+04
5.610900000000000000e+04
5.611200000000000000e+04
5.611500000000000000e+04
5.611800000000000000e+04
5.612100000000000000e+04
5.612400000000000000e+04
5.612700000000000000e+04
5.613000000000000000e+04
5.613300000000000000e+04
5.613600000000000000e+04
5.613900000000000000e+04
5.614200000000000000e+04
5.614500000000000000e+04
5.614800000000000000e+04
5.615100000000000000e+04
5.615400000000000000e+04
5.615700000000000000e+04
5.616000000000000000e+04
5.616300000000000000e+04
5.616600000000000000e+04
5.616900000000000000e+04
5.617200000000000000e+04
5.617500000000000000e+04
5.617800000000000000e+04
5.618100000000000000e+04
5.618400000000000000e+04
5.618700000000000000e+04
5.619000000000000000e+04
5.619300000000000000e+04
5.619600000000000000e+04
5.619900000000000000e+04
5.620200000000000000e+04
5.620500000000000000e+04
5.620800000000000000e+04
5.621100000000000000e+04
5.621400000000000000e+04
5.621700000000000000e+04
5.622000000000000000e+04
5.622300000000000000e+04
5.622600000000000000e+04
5.622900000000000000e+04
5.623200000000000000e+04
5.623500000000000000e+04
5.623800000000000000e+04
5.624100000000000000e+04
5.624400000000000000e+04
5.624700000000000000e+04
5.625000000000000000e+04
5.625300000000000000e+04
5.625600000000000000e+04
5.625900000000000000e+04
5.626200000000000000e+04
5.626500000000000000e+04
5.626800000000000000e+04
5.627100000000000000e+04
5.627400000000000000e+04
5.627700000000000000e+04
5.628000000000000000e+04
5.628300000000000000e+04
5.628600000000000000e+04
5.628900000000000000e+04
5.629200000000000000e+04
5.629500000000000000e+04
5.629800000000000000e+04
5.630100000000000000e+04
5.630400000000000000e+04
5.630700000000000000e+04
5.631000000000000000e+04
5.631300000000000000e+04
5.631600000000000000e+04
5.631900000000000000e+04
5.632200000000000000e+04
5.632500000000000000e+04
5.632800000000000000e+04
5.633100000000000000e+04
5.633400000000000000e+04
5.633700000000000000e+04
5.634000000000000000e+04
5.634300000000000000e+04
5.634600000000000000e+04
5.634900000000000000e+04
5.635200000000000000e+04
5.635500000000000000e+04
5.635800000000000000e+04
5.636100000000000000e+04
5.636400000000000000e+04
5.636700000000000000e+04
5.637000000000000000e+04
5.637300000000000000e+04
5.637600000000000000e+04
5.637900000000000000e+04
5.638200000000000000e+04
5.638500000000000000e+04
5.638800000000000000e+04
5.639100000000000000e+04
5.639400000000000000e+04
5.639700000000000000e+04
5.640000000000000000e+04
5.640300000000000000e+04
5.640600000000000000e+04
5.640900000000000000e+04
5.641200000000000000e+04
5.641500000000000000e+04
5.641800000000000000e+04
5.642100000000000000e+04
5.642400000000000000e+04
5.642700000000000000e+04
5.643000000000000000e+04
5.643300000000000000e+04
5.643600000000000000e+04
5.643900000000000000e+04
5.644200000000000000e+04
5.644500000000000000e+04
5.644800000000000000e+04
5.645100000000000000e+04
5.645400000000000000e+04
5.645700000000000000e+04
5.646000000000000000e+04
5.646300000000000000e+04
5.646600000000000000e+04
5.646900000000000000e+04
5.647200000000000000e+04
5.647500000000000000e+04
5.647800000000000000e+04
5.648100000000000000e+04
5.648400000000000000e+04
5.648700000000000000e+04
5.649000000000000000e+04
5.649300000000000000e+04
5.649600000000000000e+04
5.650000000000000000e+04
5.650300000000000000e+04
5.650600000000000000e+04
5.650900000000000000e+04
5.651200000000000000e+04
5.651500000000000000e+04
5.651800000000000000e+04
5.652100000000000000e+04
5.652400000000000000e+04
5.652700000000000000e+04
5.653000000000000000e+04
5.653300000000000000e+04
5.653600000000000000e+04
5.653900000000000000e+04
5.654200000000000000e+04
5.654500000000000000e+04
5.654800000000000000e+04
5.655100000000000000e+04
5.655400000000000000e+04
5.655700000000000000e+04
5.656000000000000000e+04
5.656300000000000000e+04
5.656600000000000000e+04
5.656900000000000000e+04
5.657200000000000000e+04
5.657500000000000000e+04
5.657800000000000000e+04
5.658100000000000000e+04
5.658400000000000000e+04
5.658700000000000000e+04
5.659000000000000000e+04
5.659300000000000000e+04
5.659600000000000000e+04
5.659900000000000000e+04
5.660200000000000000e+04
5.660500000000000000e+04
5.660800000000000000e+04
5.661100000000000000e+04
5.661400000000000000e+04
5.661700000000000000e+04
5.662000000000000000e+04
5.662300000000000000e+04
5.662600000000000000e+04
5.662900000000000000e+04
5.663200000000000000e+04
5.663500000000000000e+04
5.663800000000000000e+04
5.664100000000000000e+04
5.664400000000000000e+04
5.664700000000000000e+04
5.665000000000000000e+04
5.665300000000000000e+04
5.665600000000000000e+04
5.665900000000000000e+04
5.666200000000000000e+04
5.666500000000000000e+04
5.666800000000000000e+04
5.667100000000000000e+04
5.667400000000000000e+04
5.667700000000000000e+04
5.668000000000000000e+04
5.668300000000000000e+04
5.668600000000000000e+04
5.668900000000000000e+04
5.669200000000000000e+04
5.669500000000000000e+04
5.669800000000000000e+04
5.670100000000000000e+04
5.670400000000000000e+04
5.670700000000000000e+04
5.671000000000000000e+04
5.671300000000000000e+04
5.671600000000000000e+04
5.671900000000000000e+04
5.672200000000000000e+04
5.672500000000000000e+04
5.672800000000000000e+04
5.673100000000000000e+04
5.673400000000000000e+04
5.673700000000000000e+04
5.674000000000000000e+04
5.674300000000000000e+04
5.674600000000000000e+04
5.674900000000000000e+04
5.675200000000000000e+04
5.675500000000000000e+04
5.675800000000000000e+04
5.676100000000000000e+04
5.676400000000000000e+04
5.676700000000000000e+04
5.677000000000000000e+04
5.677300000000000000e+04
5.677600000000000000e+04
5.677900000000000000e+04
5.678200000000000000e+04
5.678500000000000000e+04
5.678800000000000000e+04
5.679100000000000000e+04
5.679400000000000000e+04
5.679700000000000000e+04
5.680000000000000000e+04
5.680300000000000000e+04
5.680600000000000000e+04
5.680900000000000000e+04
5.681200000000000000e+04
5.681500000000000000e+04
5.681800000000000000e+04
5.682100000000000000e+04
5.682400000000000000e+04
5.682700000000000000e+04
5.683000000000000000e+04
5.683300000000000000e+04
5.683600000000000000e+04
5.683900000000000000e+04
5.684200000000000000e+04
5.684500000000000000e+04
5.684800000000000000e+04
5.685100000000000000e+04
5.685400000000000000e+04
5.685700000000000000e+04
5.686000000000000000e+04
5.686300000000000000e+04
5.686600000000000000e+04
5.686900000000000000e+04
5.687200000000000000e+04
5.687500000000000000e+04
5.687800000000000000e+04
5.688100000000000000e+04
5.688400000000000000e+04
5.688700000000000000e+04
5.689000000000000000e+04
5.689300000000000000e+04
5.689600000000000000e+04
5.689900000000000000e+04
5.690200000000000000e+04
5.690500000000000000e+04
5.690800000000000000e+04
5.691100000000000000e+04
5.691400000000000000e+04
5.691700000000000000e+04
5.692000000000000000e+04
5.692300000000000000e+04
5.692600000000000000e+04
5.692900000000000000e+04
5.693200000000000000e+04
5.693500000000000000e+04
5.693800000000000000e+04
5.694100000000000000e+04
5.694400000000000000e+04
5.694700000000000000e+04
5.695000000000000000e+04
5.695300000000000000e+04
5.695600000000000000e+04
5.695900000000000000e+04
5.696200000000000000e+04
5.696500000000000000e+04
5.696800000000000000e+04
5.697100000000000000e+04
5.697400000000000000e+04
5.697700000000000000e+04
5.698000000000000000e+04
5.698300000000000000e+04
5.698600000000000000e+04
5.698900000000000000e+04
5.699200000000000000e+04
5.699500000000000000e+04
5.699800000000000000e+04
5.700100000000000000e+04
5.700400000000000000e+04
5.700700000000000000e+04
5.701000000000000000e+04
5.701300000000000000e+04
5.701600000000000000e+04
5.701900000000000000e+04
5.702200000000000000e+04
5.702500000000000000e+04
5.702800000000000000e+04
5.703100000000000000e+04
5.703400000000000000e+04
5.703700000000000000e+04
5.704000000000000000e+04
5.704300000000000000e+04
5.704600000000000000e+04
5.704900000000000000e+04
5.705200000000000000e+04
5.705500000000000000e+04
5.705800000000000000e+04
5.706100000000000000e+04
5.706400000000000000e+04
5.706700000000000000e+04
5.707000000000000000e+04
5.707300000000000000e+04
5.707600000000000000e+04
5.707900000000000000e+04
5.708200000000000000e+04
5.708500000000000000e+04
5.708800000000000000e+04
5.709100000000000000e+04
5.709400000000000000e+04
5.709700000000000000e+04
5.710000000000000000e+04
5.710300000000000000e+04
5.710600000000000000e+04
5.710900000000000000e+04
5.711200000000000000e+04
5.711500000000000000e+04
5.711800000000000000e+04
5.712100000000000000e+04
5.712400000000000000e+04
5.712700000000000000e+04
5.713000000000000000e+04
5.713300000000000000e+04
5.713600000000000000e+04
5.713900000000000000e+04
5.714200000000000000e+04
5.714500000000000000e+04
5.714800000000000000e+04
5.715100000000000000e+04
5.715400000000000000e+04
5.715700000000000000e+04
5.716000000000000000e+04
5.716300000000000000e+04
5.716600000000000000e+04
5.716900000000000000e+04
5.717200000000000000e+04
5.717500000000000000e+04
5.717800000000000000e+04
5.718100000000000000e+04
5.718400000000000000e+04
5.718700000000000000e+04
5.719000000000000000e+04
5.719300000000000000e+04
5.719600000000000000e+04
5.719900000000000000e+04
5.720200000000000000e+04
5.720500000000000000e+04
5.720800000000000000e+04
5.721100000000000000e+04
5.721400000000000000e+04
5.721700000000000000e+04
5.722000000000000000e+04
5.722300000000000000e+04
5.722600000000000000e+04
5.722900000000000000e+04
5.723200000000000000e+04
5.723500000000000000e+04
5.723800000000000000e+04
5.724100000000000000e+04
5.724400000000000000e+04
5.724700000000000000e+04
5.725000000000000000e+04
5.725300000000000000e+04
5.725600000000000000e+04
5.725900000000000000e+04
5.726200000000000000e+04
5.726500000000000000e+04
5.726800000000000000e+04
5.727100000000000000e+04
5.727400000000000000e+04
5.727700000000000000e+04
5.728000000000000000e+04
5.728300000000000000e+04
5.728600000000000000e+04
5.728900000000000000e+04
5.729200000000000000e+04
5.729500000000000000e+04
5.729800000000000000e+04
5.730100000000000000e+04
5.730400000000000000e+04
5.730700000000000000e+04
5.731000000000000000e+04
5.731300000000000000e+04
5.731600000000000000e+04
5.731900000000000000e+04
5.732200000000000000e+04
5.732500000000000000e+04
5.732800000000000000e+04
5.733100000000000000e+04
5.733400000000000000e+04
5.733700000000000000e+04
5.734000000000000000e+04
5.734300000000000000e+04
5.734600000000000000e+04
5.734900000000000000e+04
5.735200000000000000e+04
5.735500000000000000e+04
5.735800000000000000e+04
5.736100000000000000e+04
5.736400000000000000e+04
5.736700000000000000e+04
5.737000000000000000e+04
5.737300000000000000e+04
5.737600000000000000e+04
5.737900000000000000e+04
5.738200000000000000e+04
5.738500000000000000e+04
5.738800000000000000e+04
5.739100000000000000e+04
5.739400000000000000e+04
5.739700000000000000e+04
5.740000000000000000e+04
5.740300000000000000e+04
5.740600000000000000e+04
5.740900000000000000e+04
5.741200000000000000e+04
5.741500000000000000e+04
5.741800000000000000e+04
5.742100000000000000e+04
5.742400000000000000e+04
5.742700000000000000e+04
5.743000000000000000e+04
5.743300000000000000e+04
5.743600000000000000e+04
5.743900000000000000e+04
5.744200000000000000e+04
5.744500000000000000e+04
5.744800000000000000e+04
5.745100000000000000e+04
5.745400000000000000e+04
5.745700000000000000e+04
5.746000000000000000e+04
5.746300000000000000e+04
5.746600000000000000e+04
5.746900000000000000e+04
5.747200000000000000e+04
5.747500000000000000e+04
5.747800000000000000e+04
5.748100000000000000e+04
5.748400000000000000e+04
5.748700000000000000e+04
5.749000000000000000e+04
5.749300000000000000e+04
5.749600000000000000e+04
5.749900000000000000e+04
5.750200000000000000e+04
5.750500000000000000e+04
5.750800000000000000e+04
5.751100000000000000e+04
5.751400000000000000e+04
5.751700000000000000e+04
5.752000000000000000e+04
5.752300000000000000e+04
5.752600000000000000e+04
5.752900000000000000e+04
5.753200000000000000e+04
5.753500000000000000e+04
5.753800000000000000e+04
5.754100000000000000e+04
5.754400000000000000e+04
5.754700000000000000e+04
5.755000000000000000e+04
5.755300000000000000e+04
5.755600000000000000e+04
5.755900000000000000e+04
5.756200000000000000e+04
5.756500000000000000e+04
5.756800000000000000e+04
5.757100000000000000e+04
5.757400000000000000e+04
5.757700000000000000e+04
5.758000000000000000e+04
5.758300000000000000e+04
5.758600000000000000e+04
5.758900000000000000e+04
5.759200000000000000e+04
5.759500000000000000e+04
5.759800000000000000e+04
5.760100000000000000e+04
5.760400000000000000e+04
5.760700000000000000e+04
5.761000000000000000e+04
5.761300000000000000e+04
5.761600000000000000e+04
5.761900000000000000e+04
5.762200000000000000e+04
5.762500000000000000e+04
5.762800000000000000e+04
5.763100000000000000e+04
5.763400000000000000e+04
5.763700000000000000e+04
5.764000000000000000e+04
5.764300000000000000e+04
5.764600000000000000e+04
5.764900000000000000e+04
5.765200000000000000e+04
5.765500000000000000e+04
5.765800000000000000e+04
5.766100000000000000e+04
5.766400000000000000e+04
5.766700000000000000e+04
5.767000000000000000e+04
5.767300000000000000e+04
5.767600000000000000e+04
5.767900000000000000e+04
5.768200000000000000e+04
5.768500000000000000e+04
5.768800000000000000e+04
5.769100000000000000e+04
5.769400000000000000e+04
5.769700000000000000e+04
5.770000000000000000e+04
5.770300000000000000e+04
5.770600000000000000e+04
5.770900000000000000e+04
5.771200000000000000e+04
5.771500000000000000e+04
5.771800000000000000e+04
5.772100000000000000e+04
5.772400000000000000e+04
5.772700000000000000e+04
5.773000000000000000e+04
5.773300000000000000e+04
5.773600000000000000e+04
5.773900000000000000e+04
5.774200000000000000e+04
5.774500000000000000e+04
5.774800000000000000e+04
5.775100000000000000e+04
5.775400000000000000e+04
5.775700000000000000e+04
5.776000000000000000e+04
5.776300000000000000e+04
5.776600000000000000e+04
5.776900000000000000e+04
5.777200000000000000e+04
5.777500000000000000e+04
5.777800000000000000e+04
5.778100000000000000e+04
5.778400000000000000e+04
5.778700000000000000e+04
5.779000000000000000e+04
5.779300000000000000e+04
5.779600000000000000e+04
5.779900000000000000e+04
5.780200000000000000e+04
5.780500000000000000e+04
5.780800000000000000e+04
5.781100000000000000e+04
5.781400000000000000e+04
5.781700000000000000e+04
5.782000000000000000e+04
5.782300000000000000e+04
5.782600000000000000e+04
5.782900000000000000e+04
5.783200000000000000e+04
5.783500000000000000e+04
5.783800000000000000e+04
5.784100000000000000e+04
5.784400000000000000e+04
5.784700000000000000e+04
5.785000000000000000e+04
5.785300000000000000e+04
5.785600000000000000e+04
5.785900000000000000e+04
5.786200000000000000e+04
5.786500000000000000e+04
5.786800000000000000e+04
5.787100000000000000e+04
5.787400000000000000e+04
5.787700000000000000e+04
5.788000000000000000e+04
5.788300000000000000e+04
5.788600000000000000e+04
5.788900000000000000e+04
5.789200000000000000e+04
5.789500000000000000e+04
5.789800000000000000e+04
5.790100000000000000e+04
5.790400000000000000e+04
5.790700000000000000e+04
5.791000000000000000e+04
5.791300000000000000e+04
5.791600000000000000e+04
5.791900000000000000e+04
5.792200000000000000e+04
5.792500000000000000e+04
5.792800000000000000e+04
5.793100000000000000e+04
5.793400000000000000e+04
5.793700000000000000e+04
5.794000000000000000e+04
5.794300000000000000e+04
5.794600000000000000e+04
5.794900000000000000e+04
5.795200000000000000e+04
5.795500000000000000e+04
5.795800000000000000e+04
5.796100000000000000e+04
5.796400000000000000e+04
5.796700000000000000e+04
5.797000000000000000e+04
5.797300000000000000e+04
5.797600000000000000e+04
5.797900000000000000e+04
5.798200000000000000e+04
5.798500000000000000e+04
5.798800000000000000e+04
5.799100000000000000e+04
5.799400000000000000e+04
5.799700000000000000e+04
5.800000000000000000e+04
5.800300000000000000e+04
5.800600000000000000e+04
5.800900000000000000e+04
5.801200000000000000e+04
5.801500000000000000e+04
5.801800000000000000e+04
5.802100000000000000e+04
5.802400000000000000e+04
5.802700000000000000e+04
5.803000000000000000e+04
5.803300000000000000e+04
5.803600000000000000e+04
5.803900000000000000e+04
5.804200000000000000e+04
5.804500000000000000e+04
5.804800000000000000e+04
5.805100000000000000e+04
5.805400000000000000e+04
5.805700000000000000e+04
5.806000000000000000e+04
5.806300000000000000e+04
5.806600000000000000e+04
5.806900000000000000e+04
5.807200000000000000e+04
5.807500000000000000e+04
5.807800000000000000e+04
5.808100000000000000e+04
5.808400000000000000e+04
5.808700000000000000e+04
5.809000000000000000e+04
5.809300000000000000e+04
5.809600000000000000e+04
5.809900000000000000e+04
5.810200000000000000e+04
5.810500000000000000e+04
5.810800000000000000e+04
5.811100000000000000e+04
5.811400000000000000e+04
5.811700000000000000e+04
5.812000000000000000e+04
5.812300000000000000e+04
5.812600000000000000e+04
5.812900000000000000e+04
5.813200000000000000e+04
5.813500000000000000e+04
5.813800000000000000e+04
5.814100000000000000e+04
5.814400000000000000e+04
5.814700000000000000e+04
5.815000000000000000e+04
5.815300000000000000e+04
5.815600000000000000e+04
5.815900000000000000e+04
5.816200000000000000e+04
5.816500000000000000e+04
5.816800000000000000e+04
5.817100000000000000e+04
5.817400000000000000e+04
5.817700000000000000e+04
5.818000000000000000e+04
5.818300000000000000e+04
5.818600000000000000e+04
5.818900000000000000e+04
5.819200000000000000e+04
5.819600000000000000e+04
