# date, mag, err_mag
-0.000 20.365176 0.201013
1.000 20.240891 0.201076
2.000 19.969280 0.200977
3.000 20.499930 0.201023
4.000 20.440623 0.201180
5.000 20.150513 0.201202
6.000 20.304857 0.201104
7.000 20.221014 0.201099
8.000 20.194921 0.201011
9.000 20.588419 0.200799
10.000 20.170510 0.200811
11.000 20.767142 0.201006
12.000 20.278602 0.201126
13.000 20.171707 0.201175
14.000 20.370591 0.201319
15.000 20.846868 0.201413
16.000 20.353082 0.201515
17.000 20.492168 0.201543
18.000 19.947009 0.201603
19.000 20.551858 0.201763
20.000 20.159258 0.201771
21.000 20.352540 0.201480
22.000 20.586127 0.201168
23.000 20.203666 0.200876
24.000 20.310687 0.200446
25.000 20.017222 0.199922
26.000 19.897397 0.199434
27.000 19.920580 0.198941
28.000 19.944354 0.198260
29.000 19.564044 0.197329
30.000 19.329541 0.196259
31.000 18.938648 0.195200
32.000 18.644909 0.194416
33.000 18.870476 0.193769
34.000 18.709712 0.193250
35.000 18.740731 0.192962
36.000 18.860725 0.192818
37.000 18.736943 0.192397
38.000 18.319978 0.191923
39.000 18.461470 0.191531
40.000 18.409302 0.191237
41.000 18.323987 0.191315
42.000 17.996660 0.191608
43.000 18.317198 0.191836
44.000 18.447902 0.191813
45.000 18.602036 0.191769
46.000 18.419554 0.191884
47.000 18.285974 0.192270
48.000 18.916487 0.192793
49.000 18.725180 0.193196
50.000 18.686239 0.193414
51.000 18.909211 0.193580
52.000 18.963581 0.193701
53.000 18.895043 0.194116
54.000 18.973874 0.195024
55.000 19.150452 0.195912
56.000 19.522160 0.196444
57.000 19.403877 0.196773
58.000 19.592976 0.197098
59.000 19.139440 0.197201
60.000 19.368109 0.196949
61.000 19.362458 0.196809
62.000 19.363694 0.196905
63.000 19.094800 0.197014
64.000 19.396875 0.197050
65.000 19.785084 0.197006
66.000 19.513691 0.196896
67.000 19.298176 0.196631
68.000 19.233303 0.196494
69.000 19.111009 0.196508
70.000 19.456173 0.196683
71.000 19.318001 0.196991
72.000 19.474207 0.197398
73.000 19.873774 0.198129
74.000 20.058814 0.199002
75.000 20.166181 0.199858
76.000 19.861870 0.200612
77.000 20.168606 0.201049
78.000 20.586687 0.201385
79.000 20.218234 0.201916
80.000 20.873210 0.202715
81.000 20.744803 0.203358
82.000 21.008575 0.203680
83.000 20.767967 0.203861
84.000 20.601850 0.203796
85.000 20.601319 0.203642
86.000 21.053754 0.203398
87.000 20.618502 0.203037
88.000 20.351035 0.202619
89.000 20.633737 0.201979
90.000 20.065922 0.201525
91.000 20.249881 0.201058
92.000 20.221357 0.200418
93.000 19.997354 0.199349
94.000 19.809659 0.198281
95.000 19.532823 0.197399
96.000 18.897057 0.196539
97.000 19.346230 0.196122
98.000 19.202787 0.195681
99.000 19.113657 0.195381
100.000 19.197141 0.195121
101.000 19.214534 0.194934
102.000 19.129554 0.195052
103.000 19.408604 0.195194
104.000 19.594532 0.195449
105.000 19.242790 0.195557
106.000 19.140002 0.195665
107.000 19.015449 0.195976
108.000 19.492061 0.196532
109.000 19.136708 0.197080
110.000 19.928559 0.197628
111.000 19.873666 0.198054
112.000 19.592855 0.198140
113.000 19.808425 0.198022
114.000 19.485611 0.197944
115.000 19.452384 0.198007
116.000 19.896266 0.198380
117.000 19.600116 0.198669
118.000 19.875539 0.198791
119.000 19.737226 0.198470
120.000 19.976556 0.197989
121.000 19.627861 0.197480
122.000 19.792375 0.197051
123.000 19.565910 0.196619
124.000 19.186906 0.196326
125.000 19.028415 0.195916
126.000 18.786374 0.195623
127.000 19.164371 0.195412
128.000 18.568390 0.195175
129.000 18.951689 0.195179
130.000 18.708682 0.195528
131.000 19.127544 0.195881
132.000 19.440540 0.196149
133.000 19.171255 0.196360
134.000 19.309896 0.196743
135.000 19.432411 0.197269
136.000 19.667315 0.197731
137.000 19.334701 0.197799
138.000 19.611560 0.197612
139.000 19.513824 0.197330
140.000 19.290218 0.197128
141.000 19.236346 0.196804
142.000 19.634745 0.196637
143.000 19.556601 0.196726
144.000 19.541540 0.196944
145.000 19.382377 0.197400
146.000 19.608003 0.198051
147.000 19.585128 0.198894
148.000 19.589505 0.199379
149.000 19.890350 0.199598
150.000 19.880399 0.199677
151.000 19.752024 0.199684
152.000 19.774918 0.199772
153.000 20.147907 0.200050
154.000 20.011319 0.200200
155.000 19.819463 0.200358
156.000 20.510485 0.200189
157.000 19.704828 0.199945
158.000 19.998309 0.199462
159.000 19.609770 0.198730
160.000 19.813716 0.198078
161.000 19.533344 0.197271
162.000 19.565769 0.196496
163.000 19.228461 0.195866
164.000 18.962870 0.195195
165.000 19.269367 0.194572
166.000 18.888455 0.194116
167.000 18.751968 0.193565
168.000 18.662189 0.193045
169.000 18.464815 0.192598
170.000 18.555657 0.191993
171.000 18.692415 0.191385
172.000 18.557725 0.190870
173.000 18.266721 0.190543
174.000 18.305289 0.190400
175.000 18.373206 0.190652
176.000 18.199678 0.191125
177.000 18.688029 0.191548
178.000 18.535476 0.191989
179.000 18.209026 0.192358
180.000 18.672469 0.192335
181.000 18.377512 0.192331
182.000 18.621681 0.192387
183.000 18.680384 0.192317
184.000 18.403121 0.191863
185.000 18.375379 0.191135
186.000 18.410990 0.190254
187.000 17.767702 0.189598
188.000 17.577560 0.189098
189.000 17.806806 0.188548
190.000 17.714870 0.188181
191.000 18.121270 0.188025
192.000 17.927991 0.188080
193.000 17.892510 0.188358
194.000 17.841040 0.188712
195.000 17.527585 0.188886
196.000 17.648276 0.188916
197.000 17.852633 0.189001
198.000 17.935372 0.188929
199.000 17.804849 0.188851
200.000 17.899785 0.188818
201.000 18.036628 0.188954
202.000 17.771342 0.188961
203.000 17.833214 0.189004
204.000 17.772694 0.189228
205.000 18.206181 0.189341
206.000 17.556093 0.189139
207.000 18.004658 0.188891
208.000 17.923889 0.188299
209.000 17.205796 0.187274
210.000 17.267392 0.186054
211.000 17.337226 0.184872
212.000 16.807906 0.183992
213.000 16.737120 0.183281
214.000 16.763423 0.182891
215.000 17.004399 0.182852
216.000 16.922017 0.183097
217.000 16.729635 0.183351
218.000 16.610290 0.183392
219.000 16.589351 0.183412
220.000 16.900607 0.183268
221.000 16.459984 0.183370
222.000 16.807509 0.183676
223.000 17.095479 0.184070
224.000 16.809888 0.184315
225.000 17.019042 0.184571
226.000 17.127114 0.184944
227.000 17.332700 0.185190
228.000 16.963979 0.185302
229.000 17.219079 0.185261
230.000 17.182499 0.185190
231.000 17.189880 0.185071
232.000 16.872366 0.185034
233.000 17.277244 0.185139
234.000 17.082497 0.185437
235.000 17.288542 0.185818
236.000 17.209507 0.186127
237.000 17.774313 0.186370
238.000 17.400498 0.186247
239.000 17.771331 0.186155
360.000 21.108468 0.204333
361.000 21.049970 0.204540
362.000 20.730759 0.204452
363.000 21.163244 0.204223
364.000 20.444911 0.203882
365.000 20.747050 0.203423
366.000 20.828254 0.203048
367.000 20.404311 0.202786
368.000 20.956859 0.202798
369.000 20.519509 0.202836
370.000 20.828756 0.202519
371.000 20.454367 0.202113
372.000 20.584134 0.201878
373.000 20.419982 0.201803
374.000 20.934857 0.201921
375.000 20.593599 0.202192
376.000 20.757722 0.202382
377.000 20.711723 0.202456
378.000 20.630051 0.202579
379.000 20.574722 0.202751
380.000 20.745042 0.202925
381.000 20.924445 0.203217
382.000 20.951770 0.203433
383.000 20.888849 0.203483
384.000 20.809631 0.203769
385.000 21.064990 0.204175
386.000 20.804825 0.204599
387.000 21.066739 0.204904
388.000 20.687998 0.205081
389.000 20.958526 0.205036
390.000 21.025910 0.204836
391.000 20.754651 0.204767
392.000 20.835722 0.204896
393.000 21.284751 0.204996
394.000 21.194894 0.204991
395.000 21.272761 0.204781
396.000 21.230504 0.204496
397.000 21.039975 0.204092
398.000 20.980808 0.203647
399.000 20.817976 0.203349
400.000 21.033852 0.203420
401.000 20.530478 0.203757
402.000 20.873737 0.204084
403.000 21.100632 0.203987
404.000 20.972867 0.203555
405.000 20.727257 0.203124
406.000 20.604529 0.202917
407.000 20.832422 0.202871
408.000 20.613972 0.202802
409.000 20.484777 0.203120
410.000 21.038712 0.203554
411.000 20.769675 0.203776
412.000 20.841381 0.203565
413.000 20.415677 0.203280
414.000 20.195225 0.203135
415.000 20.732610 0.202768
416.000 20.870085 0.202242
417.000 19.951369 0.201636
418.000 20.240293 0.201303
419.000 20.377272 0.200911
420.000 20.224449 0.200522
421.000 20.150599 0.200282
422.000 20.149955 0.200371
423.000 20.037937 0.200747
424.000 20.555239 0.201255
425.000 20.647229 0.201842
426.000 20.622646 0.202314
427.000 20.192704 0.202855
428.000 21.086074 0.203276
429.000 20.820485 0.203702
430.000 20.977760 0.203892
431.000 21.275666 0.203953
432.000 21.148860 0.203946
433.000 20.848853 0.203876
434.000 21.065921 0.203778
435.000 20.992481 0.203890
436.000 20.736912 0.203818
437.000 20.884932 0.203827
438.000 20.562208 0.204148
439.000 20.662050 0.204443
440.000 21.081099 0.204722
441.000 21.372805 0.204922
442.000 20.912144 0.205072
443.000 21.447133 0.205491
444.000 21.332236 0.205979
445.000 21.742768 0.206318
446.000 21.355540 0.206597
447.000 22.045426 0.206614
448.000 21.572520 0.206835
449.000 21.488657 0.207117
450.000 21.580780 0.207071
451.000 21.164840 0.207152
452.000 21.655993 0.207338
453.000 21.545652 0.207472
454.000 21.697060 0.207380
455.000 21.554499 0.207522
456.000 21.087310 0.207672
457.000 21.133878 0.207786
458.000 21.607062 0.208112
459.000 21.552396 0.208465
460.000 21.975795 0.208346
461.000 21.514338 0.208097
462.000 21.738486 0.207648
463.000 21.491349 0.207073
464.000 21.703664 0.206388
465.000 21.237281 0.205592
466.000 21.101464 0.204825
467.000 20.785169 0.204500
468.000 21.060814 0.204455
469.000 21.080572 0.204257
470.000 20.867092 0.204003
471.000 20.951821 0.203591
472.000 20.580176 0.203524
473.000 20.762866 0.203598
474.000 20.886318 0.203576
475.000 20.743388 0.203596
476.000 21.078882 0.203696
477.000 20.902487 0.203420
478.000 20.543538 0.202919
479.000 20.383361 0.202444
480.000 20.485165 0.202023
481.000 20.280585 0.201730
482.000 20.305481 0.201524
483.000 20.121164 0.201337
484.000 20.528228 0.201453
485.000 20.417823 0.201510
486.000 20.453528 0.201557
487.000 20.559031 0.201559
488.000 19.959458 0.201712
489.000 20.422693 0.201668
490.000 20.322801 0.201455
491.000 20.464396 0.201231
492.000 20.394726 0.201062
493.000 20.359429 0.200870
494.000 20.448102 0.200537
495.000 19.702370 0.199993
496.000 19.838948 0.199868
497.000 20.309848 0.199937
498.000 20.408608 0.200197
499.000 19.971606 0.200280
500.000 20.312429 0.200042
501.000 20.220975 0.199835
502.000 19.719125 0.199571
503.000 19.837462 0.199399
504.000 20.015011 0.199345
505.000 19.880664 0.199080
506.000 20.115708 0.198390
507.000 19.706092 0.197530
508.000 19.611102 0.196760
509.000 19.210128 0.196282
510.000 19.052153 0.196048
511.000 19.154648 0.195951
512.000 19.545749 0.195923
513.000 19.649651 0.196011
514.000 19.115433 0.195954
515.000 19.213518 0.195781
516.000 18.694272 0.195483
517.000 19.286216 0.194731
518.000 18.607001 0.193793
519.000 18.833181 0.192807
520.000 18.728240 0.191878
521.000 18.071221 0.191073
522.000 18.036165 0.190428
523.000 18.241796 0.189916
524.000 18.331861 0.189742
525.000 18.031091 0.190054
526.000 18.066220 0.190761
527.000 18.432102 0.191281
528.000 18.708800 0.191798
529.000 18.347848 0.192296
530.000 18.439248 0.192453
531.000 18.815063 0.192450
532.000 18.608445 0.192341
533.000 18.370523 0.192132
534.000 18.484432 0.191897
535.000 18.461025 0.191301
536.000 18.421156 0.190549
537.000 18.145083 0.189836
538.000 17.967122 0.189210
539.000 17.576049 0.188812
540.000 17.950664 0.188572
541.000 17.924539 0.188462
542.000 17.888614 0.188579
543.000 17.934541 0.189007
544.000 17.993492 0.189214
545.000 18.201181 0.189475
546.000 17.966720 0.189568
547.000 17.731690 0.189165
548.000 18.071467 0.188849
549.000 17.780525 0.188592
550.000 17.780044 0.188494
551.000 17.999049 0.188938
552.000 17.969700 0.189466
553.000 18.081637 0.189872
554.000 17.919106 0.190068
555.000 18.387669 0.190104
556.000 17.904374 0.190213
557.000 18.482817 0.190586
558.000 18.042349 0.190866
559.000 18.215742 0.191219
560.000 18.358072 0.191672
561.000 18.736543 0.192339
562.000 18.706812 0.192859
563.000 18.636535 0.193158
564.000 18.490261 0.193188
565.000 18.855767 0.192833
566.000 18.565892 0.192298
567.000 18.521656 0.191685
568.000 18.288890 0.191079
569.000 18.116461 0.190494
570.000 18.249391 0.190024
571.000 18.118035 0.189703
572.000 18.238031 0.189490
573.000 18.039510 0.189389
574.000 17.688247 0.189145
575.000 18.048809 0.188870
576.000 17.873030 0.188656
577.000 17.800682 0.188556
578.000 17.238416 0.188449
579.000 17.627402 0.188270
580.000 17.804377 0.188178
581.000 17.630506 0.188050
582.000 17.763208 0.187873
583.000 17.767379 0.187553
584.000 17.573154 0.187133
585.000 17.362778 0.186932
586.000 17.662652 0.187163
587.000 17.727303 0.187574
588.000 17.672468 0.187892
589.000 17.367292 0.187918
590.000 17.500761 0.187972
591.000 17.884351 0.187973
592.000 17.691379 0.188008
593.000 17.417850 0.188092
594.000 17.766086 0.188329
595.000 17.878682 0.188697
596.000 18.061477 0.189069
597.000 18.059942 0.189266
598.000 18.083901 0.189448
599.000 17.896580 0.189610
720.000 18.238556 0.190769
721.000 18.156602 0.190544
722.000 18.094883 0.190174
723.000 18.134476 0.189975
724.000 18.297773 0.189771
725.000 18.216716 0.189734
726.000 18.106013 0.189639
727.000 18.204960 0.189249
728.000 17.416227 0.188596
729.000 17.656180 0.187513
730.000 17.548249 0.186621
731.000 17.376875 0.185746
732.000 17.451734 0.185052
733.000 17.136814 0.184596
734.000 17.335921 0.184474
735.000 17.074494 0.184605
736.000 17.302613 0.184968
737.000 17.253771 0.185286
738.000 17.294097 0.185858
739.000 17.557528 0.186501
740.000 17.713379 0.187274
741.000 17.617861 0.188231
742.000 18.129650 0.189097
743.000 18.035098 0.189803
744.000 18.239676 0.190515
745.000 17.809533 0.191048
746.000 18.368105 0.191309
747.000 18.023391 0.191395
748.000 18.583605 0.191544
749.000 18.301838 0.191717
750.000 18.382003 0.191796
751.000 18.478444 0.192033
752.000 18.298046 0.192249
753.000 18.578511 0.192349
754.000 18.329751 0.192309
755.000 18.531306 0.192342
756.000 18.775267 0.192540
757.000 18.875777 0.192636
758.000 18.908467 0.192655
759.000 18.601588 0.192723
760.000 18.463641 0.192739
761.000 18.754911 0.192805
762.000 19.012417 0.193061
763.000 18.631066 0.193525
764.000 19.209479 0.194270
765.000 19.084163 0.195115
766.000 18.699475 0.195655
767.000 19.334703 0.196187
768.000 19.753795 0.196506
769.000 19.575697 0.196758
770.000 19.686949 0.196973
771.000 19.569356 0.197043
772.000 19.193328 0.197221
773.000 19.162365 0.197744
774.000 19.474351 0.198026
775.000 19.610131 0.198033
776.000 19.461424 0.197907
777.000 19.497071 0.197886
778.000 19.813658 0.197897
779.000 19.945141 0.197879
780.000 19.290203 0.197728
781.000 19.340972 0.197356
782.000 19.486981 0.197129
783.000 19.390873 0.196746
784.000 18.902787 0.196419
785.000 19.951581 0.196452
786.000 19.556224 0.196677
787.000 19.510191 0.196788
788.000 19.101477 0.197004
789.000 19.650754 0.197561
790.000 19.457470 0.198058
791.000 19.849427 0.198345
792.000 19.880483 0.198716
793.000 19.928515 0.199208
794.000 20.087960 0.199616
795.000 19.919143 0.199786
796.000 20.032148 0.199593
797.000 19.422917 0.199126
798.000 19.997017 0.198864
799.000 19.795763 0.198771
800.000 20.375257 0.198954
801.000 19.967667 0.199341
802.000 19.581966 0.199873
803.000 20.489389 0.200509
804.000 20.157080 0.201126
805.000 20.204653 0.201760
806.000 20.551721 0.202389
807.000 20.971360 0.203117
808.000 21.228984 0.203713
809.000 20.851263 0.204201
810.000 21.084582 0.204733
811.000 21.140931 0.204998
812.000 21.036209 0.205370
813.000 21.159388 0.205821
814.000 21.305220 0.206164
815.000 21.339454 0.206247
816.000 21.539504 0.206089
817.000 20.836386 0.205684
818.000 21.229063 0.205177
819.000 21.168939 0.204987
820.000 21.374339 0.204985
821.000 20.994791 0.204903
822.000 20.951216 0.204679
823.000 20.980551 0.204344
824.000 20.790606 0.204088
825.000 20.716069 0.203754
826.000 20.664806 0.203575
827.000 20.678963 0.203642
828.000 20.655043 0.203890
829.000 20.889974 0.204620
830.000 21.070922 0.205678
831.000 21.274536 0.206620
832.000 21.290154 0.207303
833.000 21.854847 0.207726
834.000 21.805128 0.208127
835.000 21.758389 0.208266
836.000 21.544822 0.208277
837.000 21.893733 0.208223
838.000 21.819955 0.208752
839.000 22.043722 0.209684
840.000 22.279357 0.210604
841.000 22.392765 0.211345
842.000 22.752961 0.211941
843.000 22.513299 0.212592
844.000 22.640928 0.213057
845.000 22.811581 0.213047
846.000 22.670588 0.212739
847.000 22.748230 0.212352
848.000 22.720749 0.211855
849.000 22.697260 0.211287
850.000 22.483116 0.210700
851.000 22.108256 0.210160
852.000 22.002542 0.209542
853.000 21.826469 0.208910
854.000 22.071401 0.208556
855.000 21.737457 0.208339
856.000 21.555991 0.208093
857.000 21.470727 0.207871
858.000 21.792577 0.207628
859.000 21.410944 0.207413
860.000 20.999293 0.207200
861.000 21.658203 0.207022
862.000 21.579272 0.207016
863.000 21.707527 0.207201
864.000 21.766272 0.207261
865.000 21.629115 0.207076
866.000 21.537162 0.206753
867.000 21.399565 0.206426
868.000 21.217587 0.206383
869.000 20.901831 0.206182
870.000 20.922399 0.206128
871.000 21.438892 0.206294
872.000 21.588151 0.206587
873.000 21.519035 0.207019
874.000 21.420966 0.207342
875.000 21.820328 0.207861
876.000 21.902996 0.208916
877.000 22.141158 0.210012
878.000 22.231586 0.210811
879.000 22.180799 0.211379
880.000 22.302799 0.211792
881.000 22.668254 0.212123
882.000 22.998088 0.212434
883.000 23.131094 0.212916
884.000 22.833363 0.213458
885.000 23.080358 0.213978
886.000 23.044205 0.214345
887.000 23.134346 0.214524
888.000 23.181802 0.214483
889.000 23.233409 0.214234
890.000 22.767294 0.214104
891.000 23.353063 0.213931
892.000 22.910589 0.213758
893.000 22.716053 0.213700
894.000 23.447962 0.213831
895.000 22.776422 0.213894
896.000 22.985631 0.214017
897.000 22.836661 0.214017
898.000 23.214853 0.213871
899.000 22.319742 0.213543
900.000 22.917259 0.213326
901.000 22.432294 0.212978
902.000 23.043498 0.212705
903.000 23.104165 0.212451
904.000 22.826970 0.212384
905.000 22.443622 0.212220
906.000 22.775816 0.211843
907.000 22.872792 0.211278
908.000 22.335867 0.210681
909.000 22.079393 0.210090
910.000 22.418860 0.209866
911.000 21.801046 0.209722
912.000 21.989104 0.209580
913.000 21.969510 0.209249
914.000 21.954251 0.209001
915.000 22.054475 0.208502
916.000 21.618791 0.207669
917.000 21.266914 0.206930
918.000 21.103399 0.206436
919.000 21.336722 0.206309
920.000 21.510190 0.206537
921.000 21.636590 0.206649
922.000 21.556390 0.206606
923.000 21.152334 0.206650
924.000 21.564945 0.206697
925.000 21.302526 0.206660
926.000 21.701838 0.206628
927.000 21.341725 0.206491
928.000 21.314429 0.206336
929.000 21.225202 0.206180
930.000 21.483444 0.205895
931.000 21.123915 0.205242
932.000 21.604838 0.204730
933.000 21.191299 0.204298
934.000 20.639951 0.203936
935.000 20.755228 0.203367
936.000 20.825022 0.202634
937.000 20.618940 0.201872
938.000 20.511802 0.201525
939.000 20.358990 0.201132
940.000 19.921160 0.200742
941.000 19.873573 0.200463
942.000 20.231393 0.199940
943.000 19.872701 0.199587
944.000 19.948164 0.199314
945.000 20.032437 0.199119
946.000 19.451261 0.198726
947.000 19.368924 0.198311
948.000 19.862575 0.198375
949.000 19.695975 0.198655
950.000 19.803003 0.198957
951.000 20.154867 0.199236
952.000 19.909073 0.199408
953.000 19.942960 0.199370
954.000 19.976682 0.199192
955.000 19.575627 0.199200
956.000 20.276642 0.199252
957.000 20.006574 0.199227
958.000 19.813793 0.199213
959.000 20.136377 0.199150
