# date, mag, err_mag
-0.000 16.104690 0.178410
1.000 16.224264 0.179018
2.000 16.273375 0.179348
3.000 16.469532 0.179515
4.000 16.229431 0.179803
5.000 16.439641 0.180171
6.000 16.525254 0.180748
7.000 16.417976 0.181593
8.000 16.790558 0.182282
9.000 16.944925 0.182834
10.000 16.559541 0.183237
11.000 16.958857 0.183612
12.000 16.959468 0.183762
13.000 17.117841 0.184100
14.000 17.051360 0.184432
15.000 17.025122 0.184829
16.000 17.173026 0.185150
17.000 16.942778 0.185200
18.000 17.226206 0.185186
19.000 17.048998 0.185270
20.000 17.228451 0.185567
21.000 17.651271 0.186081
22.000 17.284421 0.186645
23.000 17.441240 0.187159
24.000 17.563788 0.187695
25.000 17.702121 0.188140
26.000 17.943027 0.188612
27.000 18.100271 0.189070
28.000 18.022305 0.189508
29.000 18.179359 0.190113
30.000 18.192975 0.190657
31.000 18.326612 0.191210
32.000 18.447348 0.191447
33.000 18.607902 0.191660
34.000 18.399332 0.191937
35.000 18.942726 0.192199
36.000 18.552108 0.192464
37.000 18.506121 0.192747
38.000 18.609449 0.192862
39.000 18.748339 0.192844
40.000 18.443382 0.192795
41.000 18.698527 0.192625
42.000 18.680404 0.192319
43.000 18.643583 0.192010
44.000 18.457459 0.191456
45.000 18.225549 0.190824
46.000 18.364743 0.190322
47.000 18.254143 0.190014
48.000 18.585547 0.190070
49.000 17.910375 0.190169
50.000 18.058098 0.190467
51.000 18.311226 0.190850
52.000 18.034061 0.191270
53.000 18.356653 0.191536
54.000 18.377268 0.191640
55.000 18.671891 0.191904
56.000 18.832516 0.192135
57.000 18.620881 0.192403
58.000 18.726320 0.192561
59.000 18.653288 0.192678
60.000 18.223691 0.192870
61.000 18.521428 0.192940
62.000 18.915837 0.192864
63.000 18.847176 0.192864
64.000 18.571173 0.192737
65.000 18.560422 0.192563
66.000 18.326582 0.192370
67.000 18.581470 0.192076
68.000 18.468465 0.191758
69.000 18.305457 0.191348
70.000 18.423662 0.190942
71.000 18.501541 0.190649
72.000 18.165077 0.190416
73.000 18.043184 0.190281
74.000 18.192532 0.190223
75.000 18.407654 0.190283
76.000 17.888979 0.190496
77.000 18.949702 0.190665
78.000 18.360900 0.190858
79.000 18.104052 0.191038
80.000 18.499574 0.191170
81.000 18.417708 0.191247
82.000 18.785930 0.191474
83.000 18.467571 0.191894
84.000 18.682144 0.192629
85.000 19.301297 0.193297
86.000 19.193641 0.193852
87.000 18.878048 0.194228
88.000 18.834493 0.194553
89.000 19.005112 0.195047
90.000 19.349267 0.195447
91.000 19.070055 0.195719
92.000 19.238953 0.195890
93.000 19.274935 0.196083
94.000 19.631023 0.196358
95.000 19.206410 0.196654
96.000 19.230355 0.196886
97.000 19.347196 0.197163
98.000 19.539686 0.197542
99.000 19.751625 0.197934
100.000 19.790103 0.198290
101.000 19.888615 0.198757
102.000 20.031670 0.199165
103.000 20.491742 0.199418
104.000 19.496275 0.199519
105.000 20.440532 0.199739
106.000 20.056630 0.200000
107.000 20.425679 0.200191
108.000 19.923708 0.200390
109.000 20.119739 0.200517
110.000 20.103036 0.200626
111.000 19.988483 0.200865
112.000 20.360971 0.201177
113.000 20.635450 0.201405
114.000 20.442723 0.201363
115.000 20.527621 0.201089
116.000 20.336305 0.200561
117.000 19.742340 0.200077
118.000 19.941168 0.199639
119.000 19.816663 0.199163
120.000 20.019484 0.198664
121.000 19.801585 0.198107
122.000 19.698609 0.197720
123.000 19.374671 0.197398
124.000 19.690271 0.197286
125.000 19.577745 0.197444
126.000 19.849676 0.197682
127.000 19.511087 0.197861
128.000 20.010203 0.197858
129.000 19.516639 0.197702
130.000 19.519540 0.197371
131.000 19.210583 0.197035
132.000 19.141615 0.196822
133.000 19.642137 0.196632
134.000 19.379425 0.196339
135.000 19.504637 0.196242
136.000 19.271574 0.195938
137.000 19.021036 0.195396
138.000 18.819268 0.194713
139.000 19.175396 0.194192
140.000 19.134529 0.193785
141.000 18.762410 0.193167
142.000 19.026971 0.192612
143.000 18.389938 0.192249
144.000 18.701316 0.192044
145.000 18.318628 0.191755
146.000 18.288878 0.191198
147.000 18.200611 0.190622
148.000 17.956797 0.189958
149.000 18.066463 0.189241
150.000 17.956793 0.188507
151.000 17.795439 0.187937
152.000 17.732783 0.187688
153.000 17.410774 0.187541
154.000 17.592902 0.187150
155.000 17.521894 0.186560
156.000 17.234596 0.185853
157.000 17.508231 0.185322
158.000 17.230326 0.184855
159.000 17.272615 0.184333
160.000 17.016274 0.183810
161.000 16.962905 0.183345
162.000 17.269083 0.183258
163.000 16.789096 0.183507
164.000 17.181556 0.183889
165.000 17.120942 0.184331
166.000 16.973457 0.184796
167.000 17.354922 0.185274
168.000 17.346810 0.185722
169.000 17.553564 0.185962
170.000 17.424737 0.186191
171.000 17.091613 0.186169
172.000 17.011798 0.186061
173.000 17.390479 0.186035
174.000 17.012165 0.185845
175.000 17.393102 0.185357
176.000 17.083313 0.184857
177.000 17.494305 0.184507
178.000 17.126361 0.184264
179.000 17.019768 0.183785
180.000 17.141179 0.183070
181.000 16.696146 0.182245
182.000 16.362008 0.181252
183.000 16.283013 0.180427
184.000 16.240691 0.179897
185.000 16.360201 0.179174
186.000 16.074912 0.178579
187.000 15.818417 0.178405
188.000 15.951159 0.178582
189.000 16.338382 0.179128
190.000 16.308413 0.179873
191.000 16.741518 0.180575
192.000 16.374912 0.181254
193.000 16.835439 0.181992
194.000 16.669520 0.182847
195.000 17.118107 0.183641
196.000 17.317194 0.184156
197.000 17.036217 0.184634
198.000 17.433843 0.185046
199.000 17.035376 0.185315
200.000 17.265776 0.185608
201.000 17.426570 0.186021
202.000 17.386251 0.186319
203.000 17.327724 0.186450
204.000 17.500105 0.186506
205.000 17.294192 0.186582
206.000 17.257705 0.186794
207.000 17.463573 0.186935
208.000 17.616455 0.187067
209.000 17.670079 0.187209
210.000 17.553938 0.187185
211.000 17.511972 0.187150
212.000 17.739820 0.187118
213.000 17.934959 0.187051
214.000 17.442679 0.187064
215.000 17.389827 0.187060
216.000 17.206201 0.186914
217.000 18.069715 0.186880
218.000 17.540329 0.186830
219.000 17.481658 0.186783
220.000 17.269857 0.186969
221.000 17.964287 0.187583
222.000 17.556946 0.188280
223.000 18.225488 0.189034
224.000 18.040407 0.189801
225.000 17.858707 0.190406
226.000 18.380294 0.190888
227.000 18.638968 0.191715
228.000 18.627925 0.192572
229.000 18.963485 0.193223
230.000 18.551078 0.193616
231.000 18.531436 0.193634
232.000 19.048438 0.193526
233.000 18.888617 0.193121
234.000 18.854730 0.192530
235.000 18.616676 0.191927
236.000 18.854566 0.191777
237.000 18.645070 0.192102
238.000 18.570186 0.192476
239.000 18.688049 0.192823
360.000 19.172797 0.195742
361.000 19.386060 0.196289
362.000 19.495629 0.197099
363.000 19.874165 0.197944
364.000 19.646904 0.198459
365.000 19.608861 0.198633
366.000 20.016966 0.198762
367.000 20.341377 0.198902
368.000 19.935755 0.198937
369.000 19.751542 0.198880
370.000 19.771472 0.198569
371.000 19.310285 0.198067
372.000 19.523435 0.197569
373.000 19.639392 0.197047
374.000 19.410230 0.196755
375.000 19.524262 0.196998
376.000 19.805564 0.197351
377.000 19.736977 0.197764
378.000 19.632990 0.198190
379.000 19.786711 0.198444
380.000 20.222583 0.198429
381.000 19.635412 0.198381
382.000 19.603116 0.198226
383.000 19.475050 0.197982
384.000 19.471735 0.197941
385.000 20.005070 0.198013
386.000 19.780622 0.198153
387.000 19.969276 0.198303
388.000 20.276876 0.198659
389.000 20.074748 0.198990
390.000 20.237013 0.199368
391.000 20.080633 0.199728
392.000 20.320631 0.199867
393.000 19.685485 0.199812
394.000 20.315835 0.199824
395.000 19.863786 0.199652
396.000 19.881260 0.199553
397.000 19.613757 0.199721
398.000 20.600890 0.199910
399.000 19.976090 0.200104
400.000 20.486262 0.200302
401.000 20.203698 0.200588
402.000 20.510993 0.201104
403.000 20.721219 0.201821
404.000 20.957807 0.202607
405.000 20.596421 0.203343
406.000 21.183785 0.203929
407.000 20.928900 0.204434
408.000 20.999427 0.204827
409.000 21.103400 0.205163
410.000 21.459194 0.205569
411.000 21.318144 0.205982
412.000 21.386247 0.206394
413.000 21.277908 0.206500
414.000 21.564230 0.206360
415.000 21.467309 0.206063
416.000 21.264647 0.205813
417.000 21.054889 0.205635
418.000 21.124751 0.205337
419.000 20.943428 0.205045
420.000 21.050707 0.205034
421.000 21.155355 0.205011
422.000 21.378760 0.204950
423.000 21.139064 0.204901
424.000 21.223842 0.204852
425.000 21.188980 0.204898
426.000 20.970652 0.204919
427.000 21.424963 0.204757
428.000 21.116665 0.204538
429.000 21.077788 0.204309
430.000 21.170298 0.204045
431.000 21.000506 0.203625
432.000 20.691561 0.203182
433.000 20.936366 0.202702
434.000 20.516665 0.202098
435.000 20.560475 0.201405
436.000 20.606965 0.200910
437.000 20.105897 0.200586
438.000 20.267478 0.200384
439.000 20.400071 0.200262
440.000 20.534518 0.200180
441.000 20.180087 0.200142
442.000 20.119241 0.200065
443.000 20.044579 0.200019
444.000 20.125796 0.199915
445.000 19.954906 0.199752
446.000 20.244133 0.199625
447.000 19.918708 0.199756
448.000 19.987052 0.200197
449.000 20.186231 0.200482
450.000 20.023525 0.200729
451.000 20.190512 0.201012
452.000 19.964800 0.201330
453.000 20.435593 0.201795
454.000 20.443444 0.202470
455.000 20.934127 0.203155
456.000 21.249988 0.203961
457.000 21.402495 0.204780
458.000 20.976547 0.205482
459.000 21.278108 0.206145
460.000 21.391302 0.206719
461.000 21.275510 0.207346
462.000 21.635545 0.207701
463.000 21.819828 0.207735
464.000 21.865382 0.207493
465.000 21.169770 0.207407
466.000 21.416872 0.207602
467.000 21.646377 0.207959
468.000 21.918685 0.208318
469.000 21.619451 0.208644
470.000 21.989146 0.208830
471.000 21.598569 0.208995
472.000 21.959678 0.209115
473.000 21.908726 0.209184
474.000 22.026102 0.209095
475.000 21.828807 0.209090
476.000 22.209960 0.209260
477.000 22.015727 0.209438
478.000 22.200847 0.209557
479.000 22.113681 0.209618
480.000 22.514171 0.209702
481.000 22.574525 0.209920
482.000 22.502219 0.209913
483.000 22.263452 0.209662
484.000 21.870650 0.209162
485.000 21.708830 0.208590
486.000 21.782767 0.207972
487.000 21.781914 0.207405
488.000 21.634118 0.206846
489.000 21.756037 0.206329
490.000 21.233800 0.205803
491.000 21.114200 0.205459
492.000 21.045371 0.205245
493.000 21.233114 0.205266
494.000 21.292263 0.205403
495.000 20.719483 0.205540
496.000 21.225605 0.205759
497.000 21.290790 0.206033
498.000 21.482654 0.206435
499.000 21.811070 0.206711
500.000 21.496612 0.207016
501.000 21.969743 0.207265
502.000 21.805320 0.207325
503.000 21.556029 0.207204
504.000 21.900558 0.206978
505.000 21.390769 0.206709
506.000 21.415068 0.206661
507.000 21.492494 0.206605
508.000 21.602051 0.206360
509.000 21.304996 0.206096
510.000 21.460435 0.205563
511.000 20.955754 0.204853
512.000 21.094390 0.204359
513.000 20.864457 0.203888
514.000 21.041105 0.203516
515.000 20.658171 0.203160
516.000 20.777479 0.202938
517.000 20.835754 0.202993
518.000 20.671112 0.203102
519.000 20.784375 0.203007
520.000 20.135102 0.202745
521.000 20.397641 0.202385
522.000 20.269274 0.201810
523.000 20.238977 0.201278
524.000 20.617854 0.200884
525.000 20.083301 0.200269
526.000 20.019472 0.199494
527.000 20.051515 0.198626
528.000 19.690259 0.197987
529.000 19.513311 0.197560
530.000 19.246298 0.197155
531.000 19.693732 0.196795
532.000 19.252553 0.196582
533.000 19.364613 0.196461
534.000 18.961798 0.196405
535.000 19.100039 0.196207
536.000 19.423146 0.196100
537.000 19.541101 0.196119
538.000 19.065320 0.196388
539.000 19.703019 0.196690
540.000 19.245375 0.197011
541.000 19.647550 0.197431
542.000 19.664683 0.197907
543.000 19.740459 0.198418
544.000 20.083556 0.199061
545.000 20.485619 0.199576
546.000 19.972991 0.200173
547.000 20.176380 0.200760
548.000 20.461549 0.201221
549.000 20.459477 0.201585
550.000 20.631072 0.201946
551.000 20.945032 0.202452
552.000 20.581483 0.203173
553.000 20.621185 0.203766
554.000 21.046189 0.204148
555.000 20.754564 0.204271
556.000 20.873821 0.204370
557.000 21.633484 0.204551
558.000 20.958811 0.204655
559.000 20.711029 0.204530
560.000 21.248733 0.204334
561.000 20.859787 0.204196
562.000 20.899802 0.203758
563.000 20.588047 0.203239
564.000 20.820576 0.202645
565.000 20.657168 0.201987
566.000 20.633144 0.201302
567.000 20.263315 0.200734
568.000 20.221832 0.200296
569.000 20.035414 0.199897
570.000 19.824023 0.199634
571.000 19.873043 0.199508
572.000 19.954083 0.199565
573.000 20.236596 0.199751
574.000 20.245692 0.200295
575.000 20.467446 0.201018
576.000 20.794849 0.201624
577.000 20.734715 0.202062
578.000 20.697168 0.202239
579.000 20.245003 0.202175
580.000 20.115266 0.202083
581.000 20.700973 0.202107
582.000 20.515311 0.202153
583.000 20.405422 0.202209
584.000 20.672436 0.202249
585.000 20.528666 0.202433
586.000 21.214768 0.202712
587.000 20.325429 0.202813
588.000 21.014225 0.202888
589.000 20.648865 0.202950
590.000 20.307351 0.202769
591.000 20.944108 0.202455
592.000 20.494604 0.202114
593.000 20.667465 0.201762
594.000 20.500815 0.201509
595.000 20.337577 0.201278
596.000 20.491452 0.201142
597.000 20.331377 0.200931
598.000 20.305012 0.200521
599.000 20.217422 0.200211
720.000 21.879607 0.208134
721.000 21.875000 0.207988
722.000 21.387740 0.208016
723.000 21.605980 0.208119
724.000 21.540364 0.208328
725.000 22.021810 0.208391
726.000 21.606622 0.208380
727.000 21.436369 0.208341
728.000 22.091199 0.208374
729.000 21.856727 0.208576
730.000 21.952821 0.208879
731.000 22.052758 0.209247
732.000 22.276184 0.209778
733.000 22.242059 0.210406
734.000 22.642109 0.210835
735.000 22.298156 0.211173
736.000 22.351673 0.211681
737.000 22.822123 0.212428
738.000 23.053264 0.213053
739.000 22.955120 0.213711
740.000 23.489078 0.214564
741.000 23.273306 0.215352
742.000 23.626911 0.215950
743.000 23.740616 0.216616
744.000 23.870621 0.217432
745.000 24.030777 0.218121
746.000 23.851150 0.218419
747.000 24.018617 0.218630
748.000 24.011973 0.218617
749.000 24.130805 0.218567
750.000 24.206951 0.218469
751.000 24.207635 0.218357
752.000 23.858274 0.218177
753.000 23.886955 0.217941
754.000 23.707553 0.217696
755.000 24.010874 0.217650
756.000 23.948074 0.217580
757.000 23.787015 0.217356
758.000 23.640564 0.217116
759.000 23.844315 0.217068
760.000 23.715376 0.217317
761.000 23.879203 0.217806
762.000 23.676892 0.218423
763.000 24.230003 0.219006
764.000 24.191827 0.219474
765.000 24.075653 0.219877
766.000 24.528464 0.220158
767.000 24.453937 0.220476
768.000 24.241901 0.220483
769.000 23.997681 0.220366
770.000 24.623958 0.220238
771.000 24.038141 0.220201
772.000 24.531210 0.220162
773.000 24.742605 0.220118
774.000 24.540187 0.220281
775.000 24.465312 0.220499
776.000 24.203137 0.220608
777.000 24.542744 0.220619
778.000 24.516028 0.220377
779.000 24.478753 0.220150
780.000 24.221298 0.220190
781.000 24.254849 0.220336
782.000 24.589294 0.220587
783.000 24.416683 0.220891
784.000 24.477338 0.221206
785.000 24.632470 0.221374
786.000 24.983753 0.221558
787.000 24.972124 0.221564
788.000 24.859900 0.221440
789.000 24.981120 0.221211
790.000 24.794034 0.220827
791.000 24.370263 0.220565
792.000 24.847030 0.220454
793.000 24.546305 0.220385
794.000 24.142613 0.220168
795.000 24.188607 0.219892
796.000 24.263502 0.219518
797.000 24.116452 0.219077
798.000 23.983763 0.218673
799.000 23.817286 0.218468
800.000 23.608640 0.218287
801.000 24.359712 0.218142
802.000 24.046793 0.218052
803.000 23.636426 0.217937
804.000 24.022370 0.217766
805.000 24.191580 0.217543
806.000 24.054106 0.217277
807.000 23.334953 0.216792
808.000 23.169623 0.216121
809.000 23.144327 0.215508
810.000 23.236536 0.214994
811.000 23.255043 0.214636
812.000 23.134404 0.214428
813.000 23.411788 0.214288
814.000 22.586779 0.214062
815.000 22.775491 0.213772
816.000 23.087948 0.213489
817.000 23.267704 0.213213
818.000 22.577732 0.212945
819.000 22.616990 0.212890
820.000 22.429584 0.212956
821.000 22.470426 0.212910
822.000 22.746507 0.212820
823.000 22.768972 0.212936
824.000 22.945287 0.213154
825.000 23.019792 0.213207
826.000 23.014987 0.213449
827.000 22.948868 0.213726
828.000 22.876956 0.214145
829.000 23.145055 0.214687
830.000 23.505481 0.215109
831.000 23.437772 0.215397
832.000 23.558295 0.215340
833.000 23.455775 0.214968
834.000 23.047483 0.214536
835.000 22.830199 0.214189
836.000 22.745273 0.213781
837.000 23.036216 0.213434
838.000 22.975137 0.213244
839.000 23.127744 0.213084
840.000 22.951677 0.212866
841.000 22.738644 0.212805
842.000 23.115672 0.212861
843.000 22.816382 0.212916
844.000 22.853623 0.212968
845.000 22.512380 0.213071
846.000 22.814521 0.213034
847.000 22.913154 0.212937
848.000 23.058397 0.212593
849.000 22.593461 0.212018
850.000 22.361252 0.211221
851.000 22.559553 0.210460
852.000 21.985344 0.209710
853.000 21.916236 0.208986
854.000 21.695523 0.208286
855.000 21.600051 0.207721
856.000 21.880715 0.207354
857.000 21.408669 0.207183
858.000 21.756474 0.207074
859.000 21.468879 0.207066
860.000 21.586370 0.206974
861.000 21.737123 0.206742
862.000 21.495431 0.206489
863.000 21.232161 0.206236
864.000 21.387411 0.205938
865.000 20.989622 0.205548
866.000 21.466822 0.205114
867.000 20.823908 0.204737
868.000 21.059804 0.204551
869.000 20.856228 0.204543
870.000 21.247295 0.204352
871.000 20.665649 0.204099
872.000 21.124902 0.203855
873.000 21.203108 0.203795
874.000 20.916793 0.203756
875.000 20.705242 0.203633
876.000 20.646109 0.203503
877.000 20.800058 0.203504
878.000 20.636697 0.203661
879.000 21.007271 0.203796
880.000 20.721956 0.204107
881.000 20.708805 0.204454
882.000 20.725177 0.204916
883.000 21.050874 0.205400
884.000 21.308788 0.205724
885.000 21.024370 0.205882
886.000 21.505941 0.206005
887.000 21.584353 0.206051
888.000 21.745042 0.206239
889.000 21.358197 0.206458
890.000 21.388139 0.206527
891.000 21.226961 0.206130
892.000 21.411388 0.205549
893.000 20.545041 0.204896
894.000 21.056421 0.204368
895.000 20.807546 0.204047
896.000 20.798532 0.203865
897.000 20.679580 0.203581
898.000 20.955199 0.203388
899.000 20.643074 0.203217
900.000 21.106072 0.202804
901.000 20.480665 0.202168
902.000 20.277589 0.201638
903.000 20.459736 0.201025
904.000 19.745826 0.200339
905.000 20.596703 0.199605
906.000 20.225942 0.199014
907.000 19.470059 0.198573
908.000 19.548240 0.198152
909.000 19.947262 0.197811
910.000 19.633424 0.197623
911.000 19.711831 0.197338
912.000 19.713257 0.196852
913.000 19.070401 0.196321
914.000 19.387852 0.195907
915.000 18.954987 0.195600
916.000 19.048567 0.195244
917.000 19.053732 0.194936
918.000 19.268079 0.194689
919.000 18.899516 0.194618
920.000 18.934063 0.194679
921.000 18.909888 0.194827
922.000 19.289263 0.195158
923.000 19.168321 0.195572
924.000 19.237709 0.195893
925.000 19.439179 0.196052
926.000 19.317715 0.196273
927.000 19.515464 0.196496
928.000 19.364666 0.196437
929.000 19.128605 0.196232
930.000 19.657089 0.196225
931.000 19.044128 0.196269
932.000 19.352616 0.196132
933.000 19.052143 0.195866
934.000 19.224880 0.195727
935.000 19.536424 0.195579
936.000 19.351609 0.195457
937.000 19.255339 0.195311
938.000 19.417542 0.195119
939.000 18.933707 0.194717
940.000 18.718128 0.194156
941.000 18.846636 0.193827
942.000 19.133855 0.193539
943.000 18.881593 0.193431
944.000 18.852273 0.193311
945.000 18.995391 0.193284
946.000 18.731898 0.193384
947.000 18.725374 0.193685
948.000 19.103923 0.194194
949.000 18.771330 0.194700
950.000 18.944779 0.194854
951.000 19.098711 0.194935
952.000 18.871902 0.194852
953.000 19.181592 0.194428
954.000 18.653403 0.193905
955.000 19.074063 0.193396
956.000 18.995080 0.192989
957.000 19.016537 0.192705
958.000 18.897369 0.192442
959.000 18.752080 0.192331
