# date, mag, err_mag
-0.000 19.442930 0.195641
1.000 19.236089 0.195280
2.000 19.496837 0.194937
3.000 19.398592 0.194779
4.000 19.164975 0.194411
5.000 19.002319 0.193742
6.000 18.881618 0.193960
7.000 19.346176 0.194856
8.000 19.601314 0.195632
9.000 19.481685 0.196401
10.000 20.014828 0.196974
11.000 19.880992 0.197408
12.000 19.754494 0.197862
13.000 19.536513 0.197966
14.000 19.946475 0.198676
15.000 19.966525 0.198964
16.000 20.077224 0.199722
17.000 20.435918 0.200286
18.000 20.518642 0.200972
19.000 20.413979 0.200940
20.000 20.467721 0.200745
21.000 20.635225 0.201372
22.000 20.743058 0.201902
23.000 20.734185 0.201781
24.000 20.860949 0.201868
25.000 20.454337 0.201023
26.000 20.325003 0.200186
27.000 20.144961 0.199486
28.000 20.220896 0.199077
29.000 19.745178 0.198774
30.000 19.851385 0.198497
31.000 20.028511 0.198243
32.000 19.775975 0.197673
33.000 19.782678 0.197023
34.000 19.535030 0.195991
35.000 18.904583 0.194787
36.000 19.028041 0.193684
37.000 18.598617 0.192195
38.000 18.258467 0.191052
39.000 19.164794 0.191709
40.000 18.491285 0.192128
41.000 18.434977 0.191517
42.000 18.304274 0.190142
43.000 18.070998 0.188935
44.000 17.866724 0.187855
45.000 17.840630 0.187562
46.000 17.655216 0.187229
47.000 17.604469 0.187729
48.000 18.061895 0.188578
49.000 18.405561 0.189508
50.000 18.193721 0.189771
51.000 18.274353 0.189381
52.000 18.608914 0.190040
53.000 18.309307 0.190692
54.000 18.252137 0.191136
55.000 18.343972 0.191159
56.000 18.594451 0.191190
57.000 18.437571 0.190820
58.000 18.567368 0.190748
59.000 18.167890 0.190764
60.000 18.583997 0.190661
61.000 18.464528 0.190613
62.000 18.729118 0.191707
63.000 18.840834 0.192699
64.000 18.820013 0.192729
65.000 19.054719 0.192851
66.000 19.106905 0.193504
67.000 19.362975 0.194826
68.000 19.988798 0.195889
69.000 19.777251 0.195913
70.000 19.428633 0.195507
71.000 18.966165 0.194996
72.000 19.159805 0.194888
73.000 19.093867 0.194795
74.000 19.314447 0.193996
75.000 19.191630 0.193182
76.000 18.752678 0.192680
77.000 18.815516 0.191495
78.000 18.087514 0.190211
79.000 18.321458 0.190328
80.000 18.415286 0.190283
81.000 18.301855 0.189755
82.000 18.107548 0.189468
83.000 17.802595 0.189246
84.000 18.161023 0.188702
85.000 17.560399 0.188218
86.000 18.038925 0.187811
87.000 17.946199 0.186953
88.000 17.481024 0.186658
89.000 17.790407 0.186155
90.000 17.422285 0.186021
91.000 17.344520 0.184968
92.000 16.976942 0.183281
93.000 16.491323 0.181799
94.000 16.449415 0.180775
95.000 16.702468 0.180100
96.000 16.086733 0.179595
97.000 16.232995 0.178783
98.000 16.066984 0.178348
99.000 15.803638 0.178319
100.000 16.424747 0.179249
101.000 16.324527 0.180042
102.000 16.602598 0.180864
103.000 16.634101 0.181569
104.000 16.728618 0.181730
105.000 16.745550 0.181569
106.000 16.679742 0.181228
107.000 16.489198 0.180538
108.000 16.750811 0.180343
109.000 16.528584 0.180539
110.000 16.313981 0.180393
111.000 16.490707 0.179762
112.000 15.861623 0.178882
113.000 16.339495 0.178126
114.000 15.762350 0.177291
115.000 15.515620 0.176507
116.000 15.600191 0.176326
117.000 15.833186 0.176563
118.000 15.779058 0.176157
119.000 15.647001 0.176109
120.000 15.984788 0.176482
121.000 15.540232 0.177706
122.000 16.076586 0.177581
123.000 16.026563 0.177611
124.000 15.931493 0.177648
125.000 16.374108 0.178158
126.000 15.931603 0.179037
127.000 16.141384 0.179074
128.000 16.208620 0.178376
129.000 15.932163 0.177532
130.000 15.951958 0.177815
131.000 16.575068 0.178845
132.000 16.520586 0.180895
133.000 16.505631 0.182459
134.000 16.855591 0.183145
135.000 17.161057 0.182914
136.000 17.135262 0.182886
137.000 17.076346 0.183592
138.000 17.250326 0.184676
139.000 17.558928 0.185852
140.000 17.927906 0.186964
141.000 17.875381 0.187673
142.000 17.828306 0.188632
143.000 18.232552 0.189617
144.000 18.772126 0.190552
145.000 18.860880 0.191495
146.000 18.959685 0.191646
147.000 18.559235 0.191535
148.000 18.667195 0.192243
149.000 18.956986 0.193161
150.000 19.129683 0.193840
151.000 19.501365 0.194680
152.000 18.914115 0.194657
153.000 19.046553 0.194013
154.000 18.816220 0.193634
155.000 19.427593 0.193352
156.000 19.210528 0.193701
157.000 18.776658 0.194126
158.000 18.958188 0.194510
159.000 19.617933 0.195268
160.000 19.344673 0.195541
161.000 19.224536 0.195473
162.000 19.443281 0.195538
163.000 19.702156 0.195207
164.000 19.120587 0.194586
165.000 19.411028 0.194851
166.000 19.363254 0.195363
167.000 19.505597 0.195692
168.000 19.364078 0.195581
169.000 19.264942 0.195550
170.000 19.620068 0.194670
171.000 18.734606 0.193739
172.000 19.035929 0.193301
173.000 19.081957 0.193468
174.000 18.801876 0.192857
175.000 19.250776 0.192616
176.000 19.148954 0.193165
177.000 19.185604 0.193526
178.000 19.331542 0.193409
179.000 19.107735 0.193867
180.000 19.221732 0.194735
181.000 19.217308 0.195704
182.000 19.729727 0.196599
183.000 19.614348 0.197231
184.000 20.092452 0.196737
185.000 19.272693 0.196183
186.000 19.364991 0.196075
187.000 19.893256 0.196135
188.000 19.958221 0.196697
189.000 19.924393 0.197703
190.000 19.914960 0.198587
191.000 20.323368 0.199245
192.000 20.253121 0.199911
193.000 20.174641 0.200844
194.000 20.665866 0.201137
195.000 20.295164 0.200850
196.000 20.381330 0.200392
197.000 20.653849 0.200593
198.000 20.423682 0.200760
199.000 20.341771 0.200839
200.000 20.443361 0.201003
201.000 20.038794 0.200713
202.000 20.198251 0.200242
203.000 20.249745 0.199541
204.000 20.554243 0.200951
205.000 20.732626 0.201918
206.000 20.735223 0.201756
207.000 20.920104 0.201133
208.000 20.636457 0.201109
209.000 20.634510 0.201801
210.000 20.848303 0.202749
211.000 20.849454 0.204026
212.000 21.225103 0.204733
213.000 20.729626 0.204947
214.000 21.316697 0.204833
215.000 21.049523 0.204611
216.000 21.374121 0.204882
217.000 21.578187 0.205831
218.000 21.732394 0.206263
219.000 21.592340 0.206438
220.000 21.786889 0.206547
221.000 21.822642 0.206553
222.000 21.553136 0.206640
223.000 21.941453 0.206637
224.000 21.696897 0.206439
225.000 21.649418 0.205472
226.000 21.017362 0.203821
227.000 20.915795 0.202407
228.000 20.530761 0.202044
229.000 20.742234 0.201920
230.000 20.664237 0.202245
231.000 20.906501 0.202034
232.000 20.804548 0.201767
233.000 20.530938 0.201977
234.000 20.849649 0.201855
235.000 20.605193 0.202254
236.000 21.090604 0.202471
237.000 20.620090 0.202302
238.000 20.737344 0.202378
239.000 20.460012 0.201773
360.000 22.462434 0.209658
361.000 22.106525 0.209077
362.000 21.809212 0.208544
363.000 21.776864 0.208647
364.000 22.370761 0.209534
365.000 22.613564 0.209958
366.000 22.290168 0.209472
367.000 21.932682 0.208711
368.000 22.306979 0.208432
369.000 22.180905 0.208695
370.000 22.227372 0.208879
371.000 22.139467 0.209484
372.000 22.296818 0.209654
373.000 22.498784 0.210056
374.000 22.653734 0.210019
375.000 21.855327 0.209298
376.000 22.209335 0.208837
377.000 21.860915 0.208205
378.000 21.742395 0.207205
379.000 21.304100 0.205863
380.000 21.324915 0.206208
381.000 22.092926 0.207858
382.000 22.532970 0.209151
383.000 22.426572 0.209547
384.000 22.573863 0.210002
385.000 22.257873 0.210399
386.000 22.593299 0.210557
387.000 22.690156 0.210307
388.000 22.405974 0.210112
389.000 22.152169 0.209756
390.000 21.906761 0.208764
391.000 22.092618 0.207736
392.000 22.162519 0.207559
393.000 21.861284 0.208221
394.000 22.435800 0.209577
395.000 21.877471 0.209318
396.000 21.874928 0.207904
397.000 21.750415 0.206400
398.000 21.401518 0.205979
399.000 21.520943 0.205784
400.000 21.319552 0.206010
401.000 21.613697 0.206669
402.000 21.725625 0.207097
403.000 21.702858 0.206955
404.000 21.813599 0.206987
405.000 22.127815 0.207733
406.000 21.862453 0.207956
407.000 22.087892 0.208005
408.000 22.004084 0.208042
409.000 21.806792 0.208199
410.000 22.165111 0.208135
411.000 21.940147 0.208384
412.000 22.118471 0.208747
413.000 22.305265 0.208871
414.000 22.056336 0.208839
415.000 21.842976 0.208766
416.000 22.105447 0.208403
417.000 22.180625 0.208434
418.000 22.274707 0.208254
419.000 22.131017 0.208433
420.000 21.812649 0.209035
421.000 22.294076 0.210070
422.000 22.577171 0.210437
423.000 23.001708 0.211052
424.000 22.901406 0.211925
425.000 22.538708 0.211911
426.000 22.814744 0.211047
427.000 22.636851 0.210654
428.000 22.586235 0.210400
429.000 22.029116 0.210573
430.000 22.447839 0.210761
431.000 22.587239 0.211028
432.000 22.797010 0.211579
433.000 22.831104 0.211672
434.000 22.455134 0.211317
435.000 22.258938 0.209680
436.000 21.847770 0.207507
437.000 21.227750 0.206066
438.000 21.716514 0.205336
439.000 21.511132 0.205135
440.000 21.525301 0.205332
441.000 21.353084 0.205597
442.000 21.338063 0.205380
443.000 21.544641 0.205739
444.000 21.812146 0.206851
445.000 21.698244 0.207648
446.000 22.062465 0.208638
447.000 21.739682 0.208702
448.000 21.716353 0.208243
449.000 21.888557 0.208307
450.000 22.214271 0.207958
451.000 22.004829 0.207581
452.000 22.034110 0.207207
453.000 21.921916 0.207178
454.000 21.586845 0.206895
455.000 21.554430 0.206309
456.000 21.199048 0.205587
457.000 21.029043 0.205490
458.000 21.530098 0.206007
459.000 21.065044 0.206227
460.000 21.537051 0.206330
461.000 21.440827 0.206280
462.000 21.951798 0.206831
463.000 21.809688 0.207432
464.000 21.920669 0.207557
465.000 21.785650 0.206429
466.000 21.461661 0.205677
467.000 21.244500 0.205153
468.000 21.065229 0.205203
469.000 21.699314 0.205927
470.000 21.615884 0.206024
471.000 21.380450 0.205815
472.000 21.542589 0.205231
473.000 20.823646 0.204661
474.000 21.520507 0.204614
475.000 21.163682 0.204759
476.000 21.101368 0.204634
477.000 21.012241 0.205050
478.000 21.397916 0.205187
479.000 21.288224 0.205141
480.000 21.066395 0.204909
481.000 21.328203 0.205432
482.000 21.897339 0.206092
483.000 21.266335 0.205961
484.000 21.450936 0.205625
485.000 21.325481 0.205635
486.000 21.474118 0.205582
487.000 21.122447 0.206066
488.000 21.751990 0.206382
489.000 21.863888 0.206503
490.000 21.719744 0.206526
491.000 21.645982 0.206743
492.000 22.057372 0.206559
493.000 21.293936 0.205825
494.000 21.343109 0.204543
495.000 20.901255 0.204135
496.000 21.084404 0.204111
497.000 20.754962 0.203851
498.000 21.059170 0.204055
499.000 21.003868 0.204186
500.000 21.330586 0.203857
501.000 20.843581 0.203429
502.000 20.813176 0.203413
503.000 21.245451 0.203848
504.000 21.102478 0.203991
505.000 21.078569 0.204517
506.000 20.926471 0.205160
507.000 21.388331 0.205160
508.000 21.349413 0.204698
509.000 21.011320 0.204497
510.000 21.330658 0.205059
511.000 20.783638 0.205185
512.000 21.232764 0.205426
513.000 21.787064 0.206158
514.000 21.650700 0.206350
515.000 21.807827 0.206161
516.000 21.198404 0.205818
517.000 21.470804 0.205607
518.000 21.220855 0.205350
519.000 21.822069 0.205040
520.000 21.463283 0.205008
521.000 21.550913 0.205173
522.000 21.412083 0.204066
523.000 21.001616 0.203029
524.000 20.497775 0.202407
525.000 20.223946 0.201064
526.000 20.156022 0.199259
527.000 20.051342 0.198248
528.000 20.138432 0.198550
529.000 20.263648 0.198641
530.000 19.556033 0.197564
531.000 19.683433 0.196553
532.000 19.398498 0.195696
533.000 19.516723 0.195458
534.000 19.140119 0.195327
535.000 19.368394 0.194942
536.000 19.286962 0.194783
537.000 19.404502 0.195221
538.000 19.715621 0.195987
539.000 19.628458 0.195965
540.000 19.663461 0.195915
541.000 19.511811 0.195577
542.000 19.734069 0.196410
543.000 19.893389 0.197642
544.000 19.945633 0.198064
545.000 20.221338 0.198149
546.000 19.776608 0.197797
547.000 20.148491 0.198066
548.000 19.583097 0.198246
549.000 19.693634 0.198072
550.000 19.989590 0.198396
551.000 20.458152 0.199071
552.000 20.388008 0.200090
553.000 20.301035 0.200572
554.000 20.415856 0.201195
555.000 20.894254 0.202309
556.000 20.709444 0.202796
557.000 21.201821 0.202726
558.000 20.881020 0.202843
559.000 21.268339 0.203324
560.000 21.162459 0.203217
561.000 20.709036 0.202082
562.000 20.748128 0.201141
563.000 20.248303 0.200730
564.000 20.644116 0.200638
565.000 20.434209 0.200213
566.000 20.571342 0.200362
567.000 20.367251 0.200917
568.000 20.618023 0.201026
569.000 20.497354 0.200639
570.000 20.809798 0.200527
571.000 20.563569 0.201034
572.000 20.439536 0.200445
573.000 20.074881 0.200172
574.000 20.196775 0.200000
575.000 20.158660 0.199087
576.000 20.028259 0.198491
577.000 19.998802 0.198092
578.000 19.870468 0.196942
579.000 19.662166 0.195906
580.000 19.512513 0.195162
581.000 19.140115 0.194485
582.000 19.107029 0.194274
583.000 19.139120 0.194661
584.000 19.061221 0.194882
585.000 19.040062 0.194826
586.000 19.369507 0.195007
587.000 19.215826 0.195237
588.000 19.812858 0.195608
589.000 19.908808 0.195929
590.000 19.367869 0.196394
591.000 19.758671 0.197026
592.000 19.909227 0.197867
593.000 20.082992 0.198508
594.000 20.219921 0.199361
595.000 20.485894 0.200069
596.000 20.241674 0.200688
597.000 20.722285 0.200826
598.000 20.366830 0.200921
599.000 20.522663 0.201200
720.000 17.437847 0.186004
721.000 17.420127 0.185090
722.000 17.491677 0.185303
723.000 17.747998 0.186081
724.000 17.742706 0.187034
725.000 17.701760 0.186563
726.000 17.145379 0.185582
727.000 17.280340 0.184333
728.000 17.017488 0.183719
729.000 17.102264 0.183590
730.000 17.221386 0.184284
731.000 17.249890 0.185238
732.000 17.721377 0.185869
733.000 17.545039 0.186537
734.000 17.787312 0.186851
735.000 18.017371 0.187736
736.000 17.804828 0.188260
737.000 18.061107 0.188124
738.000 18.132230 0.188183
739.000 17.965779 0.188565
740.000 17.951094 0.189124
741.000 18.189064 0.190074
742.000 18.479043 0.190400
743.000 18.331982 0.190293
744.000 18.007463 0.189806
745.000 18.165353 0.188876
746.000 17.807566 0.188516
747.000 17.873512 0.188562
748.000 17.912962 0.189936
749.000 18.510481 0.191603
750.000 18.843763 0.192731
751.000 18.918698 0.193804
752.000 19.467208 0.194801
753.000 19.194327 0.195356
754.000 19.043579 0.195429
755.000 19.790108 0.196163
756.000 19.673583 0.196880
757.000 19.905009 0.197060
758.000 19.570168 0.197215
759.000 20.197108 0.197076
760.000 19.583766 0.196979
761.000 19.619684 0.197380
762.000 19.518008 0.198033
763.000 19.992116 0.198670
764.000 20.023967 0.198721
765.000 20.199122 0.198548
766.000 20.460509 0.198720
767.000 19.683610 0.198415
768.000 19.836036 0.197537
769.000 19.562048 0.196383
770.000 19.192390 0.194573
771.000 18.837302 0.193200
772.000 18.600357 0.192416
773.000 18.922308 0.192335
774.000 18.980356 0.192758
775.000 18.645196 0.193264
776.000 19.106930 0.193576
777.000 18.804914 0.192347
778.000 18.456749 0.191346
779.000 18.735788 0.191432
780.000 19.000531 0.192323
781.000 19.166181 0.193627
782.000 19.423818 0.194106
783.000 19.305612 0.194967
784.000 19.261589 0.195785
785.000 19.717184 0.196750
786.000 19.634187 0.197704
787.000 19.535968 0.198395
788.000 20.178765 0.199404
789.000 20.627880 0.200405
790.000 20.423140 0.201022
791.000 21.151310 0.201371
792.000 20.311190 0.201112
793.000 20.452804 0.201170
794.000 20.695070 0.201325
795.000 20.620647 0.202585
796.000 21.022679 0.202927
797.000 20.619109 0.202066
798.000 20.318971 0.201335
799.000 20.223338 0.200824
800.000 20.216965 0.199881
801.000 20.409444 0.199851
802.000 20.242416 0.200137
803.000 20.567712 0.201474
804.000 20.783767 0.202031
805.000 20.864492 0.202009
806.000 20.494452 0.201306
807.000 21.128099 0.200811
808.000 20.481573 0.200568
809.000 20.617009 0.200496
810.000 20.538151 0.200488
811.000 20.545062 0.200305
812.000 20.076002 0.199728
813.000 20.440890 0.199043
814.000 19.980083 0.199080
815.000 20.172327 0.198785
816.000 19.966856 0.198786
817.000 20.315694 0.199663
818.000 20.268117 0.200403
819.000 20.349466 0.200910
820.000 20.585783 0.201840
821.000 20.639412 0.201964
822.000 20.903259 0.202435
823.000 20.972934 0.202393
824.000 20.703497 0.202816
825.000 21.405030 0.203534
826.000 21.083976 0.203607
827.000 20.881763 0.203532
828.000 20.631670 0.203017
829.000 21.138416 0.202949
830.000 21.050975 0.203493
831.000 21.482869 0.204440
832.000 21.515890 0.205210
833.000 21.542108 0.205835
834.000 21.625714 0.206432
835.000 21.549156 0.207057
836.000 21.766377 0.207702
837.000 21.761317 0.208317
838.000 22.259644 0.209038
839.000 22.218130 0.209974
840.000 22.405266 0.210452
841.000 22.726877 0.211142
842.000 22.584512 0.211888
843.000 22.664156 0.212245
844.000 23.215125 0.213213
845.000 23.445605 0.213848
846.000 23.047140 0.213911
847.000 23.160885 0.213303
848.000 22.708553 0.213112
849.000 22.841361 0.213556
850.000 22.998879 0.213578
851.000 22.980069 0.213639
852.000 23.178143 0.213942
853.000 23.706175 0.214959
854.000 23.735146 0.215751
855.000 23.800283 0.216414
856.000 23.391690 0.216523
857.000 23.656106 0.216648
858.000 23.519657 0.216782
859.000 23.551079 0.216310
860.000 23.802766 0.215837
861.000 23.527698 0.215246
862.000 23.618123 0.215649
863.000 23.868470 0.216057
864.000 24.086438 0.216490
865.000 24.159993 0.217270
866.000 24.018891 0.217339
867.000 23.656675 0.216703
868.000 23.696279 0.216435
869.000 23.858257 0.216931
870.000 23.712335 0.217226
871.000 24.048018 0.216923
872.000 23.782832 0.215890
873.000 23.381698 0.215109
874.000 23.611217 0.215023
875.000 23.597812 0.215921
876.000 23.630777 0.216648
877.000 23.730896 0.216591
878.000 23.938352 0.216616
879.000 23.872439 0.217232
880.000 23.892746 0.217761
881.000 24.192810 0.217814
882.000 23.632358 0.217468
883.000 24.025355 0.217665
884.000 23.929589 0.217495
885.000 24.074492 0.216663
886.000 24.057590 0.215687
887.000 23.263472 0.214623
888.000 23.065854 0.213087
889.000 22.835604 0.211904
890.000 22.680555 0.211362
891.000 22.752841 0.211264
892.000 22.927768 0.211062
893.000 23.019005 0.210737
894.000 22.629140 0.210514
895.000 22.470051 0.210622
896.000 22.414367 0.210752
897.000 22.405618 0.211506
898.000 22.947089 0.212370
899.000 23.187685 0.212372
900.000 22.730841 0.212306
901.000 22.841835 0.212499
902.000 23.327565 0.214031
903.000 24.009476 0.215836
904.000 23.704262 0.217337
905.000 24.024607 0.218358
906.000 24.646061 0.218883
907.000 24.025360 0.218713
908.000 24.543863 0.217964
909.000 23.899194 0.216998
910.000 23.767577 0.216666
911.000 23.451584 0.215923
912.000 23.314734 0.214820
913.000 23.353686 0.213382
914.000 22.835911 0.212770
915.000 23.693069 0.212823
916.000 22.715056 0.212294
917.000 22.632386 0.211513
918.000 22.409967 0.210647
919.000 22.072295 0.209709
920.000 22.090525 0.208805
921.000 21.478593 0.207882
922.000 21.866700 0.207355
923.000 21.856763 0.207308
924.000 21.618054 0.206748
925.000 21.506724 0.207558
926.000 21.872337 0.208395
927.000 22.142880 0.208394
928.000 21.930311 0.208141
929.000 22.186835 0.207966
930.000 21.685321 0.207435
931.000 21.561644 0.206010
932.000 21.046058 0.205084
933.000 21.066706 0.204696
934.000 21.017695 0.205081
935.000 21.043813 0.205196
936.000 21.056885 0.205255
937.000 21.348244 0.205196
938.000 21.570579 0.205038
939.000 21.446542 0.204623
940.000 21.153092 0.204948
941.000 21.463846 0.205757
942.000 21.261597 0.205461
943.000 21.722347 0.205690
944.000 21.509178 0.206252
945.000 21.931235 0.206543
946.000 21.793772 0.206303
947.000 21.269829 0.205309
948.000 21.143018 0.205194
949.000 21.540983 0.205650
950.000 21.423524 0.206208
951.000 21.479721 0.206142
952.000 21.525877 0.206406
953.000 21.610312 0.206690
954.000 21.548606 0.206485
955.000 21.208931 0.205928
956.000 21.616407 0.205007
957.000 20.923831 0.204109
958.000 20.891804 0.203589
959.000 20.838246 0.203187
