# date, mag, err_mag
-0.000 23.909117 0.217332
1.000 24.265586 0.216928
2.000 23.689588 0.216537
3.000 23.674074 0.216069
4.000 23.869502 0.215635
5.000 23.976121 0.215323
6.000 23.684731 0.215138
7.000 23.554151 0.215306
8.000 23.933918 0.215455
9.000 23.900136 0.215705
10.000 23.918184 0.216105
11.000 23.591319 0.216495
12.000 24.043330 0.216915
13.000 23.939859 0.217354
14.000 23.849248 0.217695
15.000 24.170730 0.217899
16.000 24.695036 0.218073
17.000 24.526492 0.218401
18.000 24.383962 0.218523
19.000 24.390313 0.218533
20.000 24.333770 0.218384
21.000 24.369774 0.218109
22.000 24.173631 0.217879
23.000 24.010450 0.217927
24.000 24.132286 0.218042
25.000 24.458681 0.218281
26.000 24.465970 0.218457
27.000 24.167002 0.218641
28.000 24.416595 0.218827
29.000 24.613367 0.219007
30.000 24.324090 0.219076
31.000 24.846084 0.219030
32.000 24.251825 0.218844
33.000 24.331928 0.218687
34.000 24.777839 0.218679
35.000 24.337553 0.218754
36.000 24.087434 0.218682
37.000 24.203917 0.218549
38.000 24.210711 0.218477
39.000 24.548954 0.218416
40.000 24.372141 0.218227
41.000 24.235281 0.218038
42.000 24.274985 0.218146
43.000 24.433264 0.218613
44.000 24.787031 0.219060
45.000 24.494466 0.219435
46.000 24.461292 0.219676
47.000 24.618997 0.219892
48.000 24.594908 0.219892
49.000 24.715092 0.219741
50.000 24.530693 0.219592
51.000 24.503296 0.219409
52.000 24.405049 0.219351
53.000 24.334021 0.219069
54.000 24.330425 0.218792
55.000 24.442074 0.218561
56.000 24.476280 0.218352
57.000 24.338420 0.218103
58.000 23.870232 0.217685
59.000 24.338727 0.217221
60.000 24.595635 0.216731
61.000 23.800744 0.216221
62.000 23.511589 0.215641
63.000 23.649816 0.215023
64.000 23.747260 0.214551
65.000 23.312688 0.214173
66.000 23.488510 0.213813
67.000 23.256622 0.213419
68.000 23.441763 0.213019
69.000 23.120161 0.212292
70.000 22.914403 0.211510
71.000 22.347659 0.210790
72.000 22.465632 0.210177
73.000 22.548580 0.209829
74.000 22.884958 0.209533
75.000 22.515531 0.209217
76.000 22.370615 0.208861
77.000 21.979052 0.208616
78.000 22.165312 0.208580
79.000 21.820776 0.208764
80.000 21.972553 0.208991
81.000 22.165966 0.209416
82.000 22.310078 0.209895
83.000 22.511852 0.210490
84.000 22.514190 0.211123
85.000 22.880736 0.211629
86.000 22.688629 0.212028
87.000 23.203911 0.212538
88.000 23.042051 0.213272
89.000 23.356748 0.214102
90.000 23.486011 0.214785
91.000 23.457194 0.215240
92.000 23.830040 0.215559
93.000 23.570645 0.215663
94.000 23.853843 0.215810
95.000 23.712472 0.216103
96.000 23.906555 0.216420
97.000 23.847080 0.216710
98.000 24.356840 0.216845
99.000 24.225074 0.216974
100.000 24.636406 0.217032
101.000 23.740233 0.217009
102.000 24.401757 0.216917
103.000 24.068661 0.216743
104.000 24.051740 0.216459
105.000 23.829389 0.216052
106.000 23.716564 0.215480
107.000 23.565861 0.215161
108.000 23.839541 0.215187
109.000 23.648597 0.215256
110.000 23.801580 0.215151
111.000 23.639641 0.214881
112.000 23.937152 0.214687
113.000 23.544501 0.214410
114.000 23.648541 0.214061
115.000 23.243858 0.213709
116.000 23.079448 0.213306
117.000 23.206174 0.212903
118.000 23.009797 0.212426
119.000 22.900486 0.211927
120.000 22.757109 0.211449
121.000 22.670818 0.211172
122.000 23.116241 0.211041
123.000 22.533707 0.210903
124.000 22.739999 0.210818
125.000 22.196233 0.210588
126.000 22.716262 0.210133
127.000 22.540150 0.209633
128.000 22.520923 0.209063
129.000 22.009622 0.208298
130.000 21.699680 0.207712
131.000 21.843161 0.207181
132.000 22.374060 0.207021
133.000 21.901617 0.207259
134.000 22.051174 0.207489
135.000 21.943569 0.207614
136.000 22.227430 0.207827
137.000 21.851492 0.207874
138.000 22.061602 0.207792
139.000 22.078856 0.207717
140.000 22.296199 0.207750
141.000 22.416085 0.207890
142.000 21.658941 0.208195
143.000 22.155888 0.208572
144.000 21.989997 0.209053
145.000 22.283782 0.209658
146.000 22.728870 0.210362
147.000 22.992689 0.211107
148.000 23.129286 0.211657
149.000 22.527816 0.211930
150.000 22.674989 0.212085
151.000 22.693994 0.212117
152.000 22.804431 0.212133
153.000 22.959023 0.212109
154.000 23.065812 0.212112
155.000 22.940139 0.212046
156.000 22.820256 0.211834
157.000 23.131198 0.211658
158.000 22.646816 0.211592
159.000 22.790035 0.211572
160.000 22.592951 0.211554
161.000 22.775109 0.211764
162.000 23.099097 0.212116
163.000 22.580801 0.212138
164.000 22.808605 0.212037
165.000 22.812612 0.212006
166.000 22.878031 0.212124
167.000 22.980919 0.212190
168.000 22.869298 0.212143
169.000 22.832181 0.212132
170.000 22.987680 0.212308
171.000 23.011495 0.212487
172.000 22.717947 0.212541
173.000 22.666119 0.212473
174.000 22.923677 0.212478
175.000 23.234962 0.212666
176.000 23.111621 0.212977
177.000 23.058568 0.213272
178.000 23.451765 0.213427
179.000 22.739890 0.213653
180.000 23.547431 0.214051
181.000 23.629105 0.214494
182.000 23.737004 0.214652
183.000 23.503335 0.214659
184.000 23.462156 0.214609
185.000 23.346715 0.214497
186.000 23.762291 0.214417
187.000 23.276423 0.214437
188.000 23.589333 0.214502
189.000 23.662577 0.214579
190.000 23.542190 0.214530
191.000 23.269289 0.214399
192.000 23.988775 0.214367
193.000 23.524060 0.214452
194.000 23.477737 0.214598
195.000 23.424529 0.214751
196.000 23.380993 0.214810
197.000 23.759180 0.214835
198.000 23.887106 0.214818
199.000 23.851960 0.214816
200.000 23.585995 0.215120
201.000 23.329816 0.215417
202.000 23.595367 0.215543
203.000 23.805713 0.215460
204.000 23.723730 0.215434
205.000 23.631680 0.215530
206.000 23.531473 0.215805
207.000 23.763842 0.216185
208.000 24.166751 0.216669
209.000 23.857639 0.217094
210.000 24.018975 0.217355
211.000 24.302136 0.217530
212.000 23.945162 0.217604
213.000 23.755338 0.217449
214.000 24.191228 0.217174
215.000 24.180877 0.216966
216.000 24.007211 0.216659
217.000 23.591262 0.216399
218.000 23.874883 0.216392
219.000 24.252335 0.216433
220.000 23.629227 0.216565
221.000 24.055879 0.216816
222.000 23.940178 0.217118
223.000 24.157977 0.217341
224.000 23.888950 0.217524
225.000 23.853230 0.217826
226.000 24.381569 0.218015
227.000 24.284900 0.217988
228.000 24.291794 0.217920
229.000 23.870307 0.217707
230.000 24.241048 0.217498
231.000 24.402700 0.217408
232.000 23.990619 0.217322
233.000 24.149501 0.217180
234.000 23.987359 0.217268
235.000 24.348038 0.217531
236.000 24.013635 0.217707
237.000 24.205877 0.217886
238.000 24.521423 0.218340
239.000 24.555283 0.218877
360.000 19.810716 0.196369
361.000 19.611614 0.196011
362.000 19.595082 0.195802
363.000 19.320935 0.195710
364.000 19.531051 0.195680
365.000 19.531126 0.195654
366.000 19.783848 0.195642
367.000 19.513027 0.195463
368.000 19.413851 0.195143
369.000 19.386837 0.194836
370.000 19.333934 0.194569
371.000 19.137904 0.194220
372.000 19.268919 0.193866
373.000 18.987109 0.193602
374.000 19.012070 0.193359
375.000 18.730905 0.193108
376.000 19.066951 0.192972
377.000 19.007201 0.192891
378.000 18.771427 0.192754
379.000 18.851397 0.192610
380.000 19.174495 0.192680
381.000 18.922737 0.192801
382.000 18.674633 0.192907
383.000 19.349646 0.193101
384.000 19.312761 0.193223
385.000 19.073459 0.193390
386.000 19.004618 0.193444
387.000 18.904054 0.193361
388.000 19.016445 0.193131
389.000 18.980950 0.192919
390.000 18.703496 0.192872
391.000 19.052896 0.193076
392.000 19.141202 0.193454
393.000 19.361332 0.193889
394.000 19.279324 0.194330
395.000 18.942243 0.194699
396.000 19.313849 0.194895
397.000 19.144207 0.195046
398.000 19.452589 0.195140
399.000 19.400532 0.195358
400.000 19.631420 0.195637
401.000 19.711476 0.195858
402.000 19.610947 0.195905
403.000 19.242985 0.195697
404.000 19.632209 0.195177
405.000 19.013136 0.194513
406.000 19.078059 0.193638
407.000 18.708983 0.192846
408.000 18.778187 0.191967
409.000 18.997658 0.191492
410.000 18.897136 0.191674
411.000 18.923325 0.192209
412.000 18.936409 0.192916
413.000 19.210366 0.193534
414.000 18.878794 0.194031
415.000 19.075041 0.194567
416.000 19.565339 0.195040
417.000 19.406050 0.195402
418.000 19.803782 0.195717
419.000 19.308800 0.195797
420.000 19.872980 0.195961
421.000 19.729768 0.196311
422.000 19.912274 0.196834
423.000 19.929342 0.197268
424.000 20.475334 0.197351
425.000 19.626059 0.197162
426.000 19.640574 0.196913
427.000 19.575114 0.196529
428.000 19.981423 0.196178
429.000 19.654490 0.195751
430.000 19.470194 0.195263
431.000 19.073154 0.194950
432.000 19.525873 0.194714
433.000 19.465583 0.194345
434.000 19.544749 0.193874
435.000 19.054528 0.193485
436.000 18.924392 0.193326
437.000 19.056038 0.193105
438.000 18.911883 0.192761
439.000 18.657981 0.192336
440.000 19.098364 0.192331
441.000 19.314934 0.192599
442.000 19.124646 0.192796
443.000 18.891552 0.192617
444.000 18.723339 0.192235
445.000 18.833245 0.191756
446.000 18.464047 0.191279
447.000 18.724779 0.190876
448.000 18.532429 0.190772
449.000 18.474631 0.190927
450.000 18.696384 0.191048
451.000 18.633223 0.191091
452.000 18.553716 0.191043
453.000 18.759352 0.191038
454.000 18.504028 0.191001
455.000 18.441624 0.191038
456.000 18.380753 0.191404
457.000 19.336516 0.191887
458.000 18.690291 0.192411
459.000 19.133617 0.193196
460.000 19.435117 0.193952
461.000 18.980547 0.194635
462.000 19.352858 0.195193
463.000 19.764367 0.195645
464.000 19.581481 0.196140
465.000 19.979046 0.196703
466.000 19.835394 0.197258
467.000 19.936386 0.197340
468.000 20.174809 0.197395
469.000 19.713490 0.197741
470.000 19.685375 0.198163
471.000 20.310294 0.198459
472.000 20.538706 0.198548
473.000 20.058848 0.198429
474.000 20.056046 0.198081
475.000 19.832858 0.197691
476.000 19.996862 0.197157
477.000 19.866134 0.196632
478.000 19.743901 0.196091
479.000 19.294722 0.195602
480.000 19.338231 0.195090
481.000 19.402847 0.194708
482.000 19.585455 0.194522
483.000 19.114170 0.194440
484.000 18.944358 0.194549
485.000 19.492530 0.194715
486.000 19.503439 0.194781
487.000 19.330688 0.194865
488.000 19.194228 0.194963
489.000 18.822020 0.194831
490.000 19.283419 0.194421
491.000 19.241031 0.193840
492.000 18.931978 0.193255
493.000 18.919339 0.192728
494.000 18.670628 0.192398
495.000 18.803988 0.192332
496.000 18.857078 0.192530
497.000 18.826066 0.192958
498.000 19.005494 0.193434
499.000 19.045236 0.194005
500.000 19.507843 0.194627
501.000 19.577529 0.195360
502.000 19.426738 0.196084
503.000 19.484686 0.196705
504.000 20.070368 0.197432
505.000 20.185764 0.198147
506.000 20.052080 0.198557
507.000 19.897125 0.198611
508.000 19.854428 0.198662
509.000 20.066798 0.198949
510.000 20.253964 0.199290
511.000 20.265452 0.199696
512.000 20.580161 0.200162
513.000 20.438897 0.200603
514.000 20.538383 0.200939
515.000 21.140196 0.201370
516.000 20.688767 0.201876
517.000 20.961509 0.202356
518.000 20.833941 0.202817
519.000 21.266554 0.203109
520.000 20.934955 0.203413
521.000 21.190541 0.203742
522.000 21.244733 0.203965
523.000 21.534427 0.204067
524.000 21.045488 0.204116
525.000 21.242948 0.204169
526.000 20.969499 0.204072
527.000 21.520488 0.204068
528.000 21.530920 0.204306
529.000 21.543890 0.204693
530.000 21.215162 0.205001
531.000 21.775030 0.205315
532.000 21.626333 0.205478
533.000 21.910744 0.205627
534.000 21.690150 0.205924
535.000 21.925505 0.206177
536.000 21.673874 0.206312
537.000 21.796600 0.206281
538.000 21.674455 0.206236
539.000 21.528856 0.206077
540.000 21.785800 0.205888
541.000 21.796717 0.205837
542.000 21.039884 0.205968
543.000 21.198801 0.206153
544.000 22.174652 0.206673
545.000 22.263712 0.207371
546.000 22.090280 0.207845
547.000 22.104018 0.208090
548.000 22.400374 0.208265
549.000 22.110140 0.208190
550.000 22.423244 0.207986
551.000 22.239547 0.207717
552.000 22.083216 0.207241
553.000 21.709782 0.206750
554.000 21.895965 0.206350
555.000 21.447361 0.206108
556.000 21.838449 0.206141
557.000 21.726515 0.206353
558.000 21.530852 0.206549
559.000 21.539628 0.206568
560.000 21.830432 0.206662
561.000 21.707755 0.206579
562.000 21.832383 0.206320
563.000 21.738832 0.206098
564.000 21.441000 0.205888
565.000 21.568211 0.205707
566.000 21.696011 0.205522
567.000 21.603394 0.205488
568.000 21.585085 0.205716
569.000 21.873688 0.205995
570.000 21.983317 0.206372
571.000 21.999296 0.206799
572.000 21.664595 0.207138
573.000 21.939929 0.207572
574.000 22.169738 0.208016
575.000 21.747939 0.208144
576.000 22.250156 0.208311
577.000 22.114138 0.208434
578.000 22.565841 0.208657
579.000 22.415809 0.208964
580.000 22.357689 0.209165
581.000 22.464688 0.209358
582.000 22.264237 0.209467
583.000 22.567491 0.209509
584.000 22.806211 0.209562
585.000 22.882002 0.209772
586.000 22.503385 0.209831
587.000 22.333959 0.209611
588.000 22.685455 0.209437
589.000 22.359560 0.209293
590.000 22.364120 0.209209
591.000 22.167448 0.209117
592.000 22.519445 0.208837
593.000 21.717085 0.208405
594.000 21.660577 0.207985
595.000 21.846094 0.207515
596.000 21.865055 0.207104
597.000 21.612805 0.206685
598.000 21.547833 0.206267
599.000 21.778251 0.206135
720.000 19.877942 0.196814
721.000 19.833970 0.196596
722.000 19.250353 0.196256
723.000 19.791982 0.195887
724.000 19.742134 0.195565
725.000 19.719287 0.195413
726.000 19.579225 0.195304
727.000 19.331880 0.195266
728.000 19.354746 0.195205
729.000 19.264813 0.195188
730.000 19.459647 0.195052
731.000 19.653164 0.195199
732.000 19.534453 0.195370
733.000 19.485632 0.195527
734.000 19.671570 0.195656
735.000 19.965207 0.195850
736.000 19.463623 0.195829
737.000 19.591409 0.195673
738.000 19.501430 0.195424
739.000 18.967182 0.195014
740.000 19.667150 0.194790
741.000 19.593175 0.194658
742.000 19.394894 0.194483
743.000 19.333790 0.194375
744.000 19.363486 0.194430
745.000 19.334046 0.194571
746.000 19.316373 0.194617
747.000 19.155083 0.194700
748.000 19.391774 0.194640
749.000 19.254188 0.194659
750.000 19.347530 0.194584
751.000 19.588951 0.194541
752.000 19.173969 0.194516
753.000 19.284335 0.194478
754.000 19.001572 0.194506
755.000 19.422947 0.194655
756.000 19.445636 0.194980
757.000 19.442493 0.195522
758.000 19.492138 0.196122
759.000 20.018217 0.196700
760.000 19.880441 0.197295
761.000 19.705970 0.197813
762.000 20.095392 0.198280
763.000 20.125828 0.198759
764.000 20.364168 0.199184
765.000 20.253174 0.199220
766.000 20.266203 0.198934
767.000 19.993080 0.198544
768.000 20.106949 0.197854
769.000 20.023542 0.197234
770.000 20.203154 0.196769
771.000 19.314870 0.196360
772.000 19.488992 0.195975
773.000 19.576439 0.195684
774.000 19.331342 0.195470
775.000 19.576087 0.195502
776.000 19.563273 0.195803
777.000 19.438238 0.196398
778.000 19.839156 0.197108
779.000 19.637965 0.197967
780.000 20.130678 0.198766
781.000 20.104331 0.199336
782.000 20.472283 0.199715
783.000 20.065870 0.199832
784.000 20.759668 0.199876
785.000 20.474179 0.199882
786.000 20.360687 0.199912
787.000 20.560909 0.200161
788.000 20.765130 0.200241
789.000 20.474831 0.200198
790.000 20.456879 0.200160
791.000 20.451561 0.200216
792.000 20.444511 0.200390
793.000 20.332747 0.200481
794.000 20.449350 0.200494
795.000 20.526319 0.200377
796.000 20.435947 0.200065
797.000 20.356719 0.199692
798.000 20.119452 0.199353
799.000 20.064138 0.199113
800.000 20.383218 0.198939
801.000 20.069945 0.198787
802.000 19.660269 0.198629
803.000 20.161221 0.198482
804.000 19.935222 0.198422
805.000 20.325547 0.198343
806.000 20.109678 0.198333
807.000 20.254318 0.198459
808.000 20.099061 0.198565
809.000 19.814951 0.198726
810.000 19.828102 0.198838
811.000 20.054862 0.198793
812.000 20.357985 0.198603
813.000 20.231117 0.198490
814.000 19.946115 0.198494
815.000 19.733983 0.198560
816.000 20.310548 0.198752
817.000 20.271176 0.198829
818.000 20.015010 0.198826
819.000 20.338801 0.198923
820.000 20.606767 0.198958
821.000 19.964262 0.198943
822.000 20.290819 0.198830
823.000 20.164898 0.198646
824.000 20.187177 0.198390
825.000 19.599043 0.198085
826.000 20.305636 0.197861
827.000 19.659134 0.197666
828.000 20.035674 0.197533
829.000 19.858089 0.197284
830.000 19.800101 0.196961
831.000 20.124471 0.196733
832.000 19.420013 0.196681
833.000 19.757239 0.196783
834.000 19.715134 0.197044
835.000 19.676122 0.197602
836.000 19.851491 0.198111
837.000 19.893180 0.198448
838.000 20.101167 0.198780
839.000 19.933390 0.199007
840.000 20.189151 0.199275
841.000 20.023660 0.199540
842.000 20.217386 0.199788
843.000 20.543382 0.200021
844.000 20.488777 0.200086
845.000 20.329812 0.200225
846.000 20.433585 0.200190
847.000 20.211861 0.200020
848.000 20.548723 0.199807
849.000 20.388114 0.199743
850.000 20.349562 0.199748
851.000 20.619633 0.199782
852.000 20.422754 0.199877
853.000 20.511254 0.200278
854.000 20.695237 0.200780
855.000 20.423762 0.201047
856.000 20.850509 0.201223
857.000 20.944364 0.201292
858.000 20.583030 0.201316
859.000 20.663851 0.201306
860.000 20.574434 0.201125
861.000 20.588978 0.200929
862.000 20.681408 0.200666
863.000 20.406478 0.200407
864.000 20.152273 0.200069
865.000 20.330047 0.199683
866.000 20.126262 0.199549
867.000 20.538195 0.199758
868.000 20.419581 0.200211
869.000 20.392420 0.200873
870.000 20.823754 0.201455
871.000 20.412262 0.201775
872.000 20.594589 0.201907
873.000 20.672348 0.201871
874.000 20.656296 0.201885
875.000 20.966444 0.201999
876.000 20.754486 0.202196
877.000 20.826963 0.202161
878.000 20.884048 0.201873
879.000 20.823256 0.201643
880.000 20.354458 0.201548
881.000 20.716678 0.201575
882.000 20.950165 0.201522
883.000 20.880598 0.201330
884.000 20.615078 0.201261
885.000 20.744052 0.201217
886.000 20.936853 0.201234
887.000 20.565685 0.201176
888.000 20.589716 0.200936
889.000 20.255298 0.200706
890.000 20.623704 0.200516
891.000 20.727324 0.200201
892.000 20.327707 0.199593
893.000 19.923600 0.198964
894.000 19.967222 0.198259
895.000 19.695803 0.197894
896.000 20.075329 0.197909
897.000 20.085694 0.198033
898.000 19.978577 0.198249
899.000 20.385737 0.198412
900.000 20.222888 0.198466
901.000 19.791048 0.198415
902.000 19.669528 0.198167
903.000 20.118648 0.197938
904.000 20.077380 0.197665
905.000 19.611722 0.197322
906.000 19.648650 0.196974
907.000 19.259451 0.196267
908.000 19.841459 0.195324
909.000 19.028520 0.194417
910.000 19.097806 0.193486
911.000 18.801426 0.192654
912.000 18.746737 0.191843
913.000 18.682662 0.191056
914.000 18.148069 0.190206
915.000 17.681710 0.189268
916.000 18.227568 0.188461
917.000 17.760537 0.187928
918.000 17.895723 0.187723
919.000 18.116166 0.187758
920.000 17.382129 0.187755
921.000 18.134795 0.187909
922.000 18.041326 0.188065
923.000 18.373103 0.188351
924.000 18.149300 0.188644
925.000 18.176508 0.188887
926.000 18.336261 0.189214
927.000 18.686776 0.189621
928.000 18.537012 0.189977
929.000 18.550353 0.190313
930.000 18.611569 0.190720
931.000 18.387908 0.191194
932.000 18.523396 0.191563
933.000 19.077920 0.192063
934.000 18.958534 0.192582
935.000 18.778770 0.193149
936.000 19.091454 0.193548
937.000 19.023308 0.193827
938.000 19.167798 0.194078
939.000 19.474169 0.194287
940.000 19.120284 0.194310
941.000 19.157395 0.194181
942.000 19.226146 0.194069
943.000 19.127050 0.193724
944.000 18.925332 0.193534
945.000 19.117848 0.193398
946.000 19.123918 0.193185
947.000 18.971661 0.193096
948.000 19.496904 0.192965
949.000 18.675634 0.192787
950.000 18.848564 0.192652
951.000 18.873637 0.192712
952.000 19.368933 0.192730
953.000 18.800667 0.192699
954.000 18.923632 0.192871
955.000 19.389035 0.193211
956.000 18.988459 0.193467
957.000 19.089608 0.193553
958.000 18.685883 0.193569
959.000 19.500848 0.193721
