# date, mag, err_mag
-0.000 23.861799 0.217435
1.000 24.031289 0.217074
2.000 23.638929 0.216713
3.000 23.952938 0.216280
4.000 23.925399 0.215867
5.000 23.540860 0.215551
6.000 23.688135 0.215340
7.000 23.942402 0.215429
8.000 23.533945 0.215516
9.000 23.923259 0.215701
10.000 24.028743 0.216026
11.000 24.218454 0.216359
12.000 23.937874 0.216731
13.000 23.933707 0.217130
14.000 24.295039 0.217457
15.000 24.260724 0.217673
16.000 23.853698 0.217864
17.000 23.875680 0.218181
18.000 24.348384 0.218326
19.000 24.328612 0.218374
20.000 24.522092 0.218281
21.000 24.070408 0.218071
22.000 24.196060 0.217886
23.000 24.056924 0.217922
24.000 24.619924 0.218014
25.000 24.073108 0.218213
26.000 24.425114 0.218367
27.000 24.819948 0.218534
28.000 24.448359 0.218706
29.000 24.362795 0.218878
30.000 24.288428 0.218958
31.000 24.932075 0.218941
32.000 24.301212 0.218802
33.000 24.416235 0.218677
34.000 24.755720 0.218671
35.000 24.436745 0.218731
36.000 24.204800 0.218670
37.000 24.658334 0.218556
38.000 24.418761 0.218489
39.000 24.565713 0.218430
40.000 24.067871 0.218264
41.000 24.135160 0.218093
42.000 24.145923 0.218167
43.000 24.571530 0.218546
44.000 24.664780 0.218924
45.000 24.718569 0.219258
46.000 24.449943 0.219490
47.000 24.857608 0.219705
48.000 24.587509 0.219741
49.000 24.775957 0.219644
50.000 24.314279 0.219540
51.000 24.382168 0.219396
52.000 24.518329 0.219348
53.000 24.478094 0.219108
54.000 24.476420 0.218864
55.000 23.875970 0.218651
56.000 24.090262 0.218452
57.000 23.992697 0.218216
58.000 24.235853 0.217837
59.000 24.321022 0.217411
60.000 23.971157 0.216956
61.000 24.591654 0.216477
62.000 23.630692 0.215932
63.000 23.972602 0.215347
64.000 23.340661 0.214878
65.000 23.960735 0.214484
66.000 23.357476 0.214108
67.000 23.240503 0.213706
68.000 23.619618 0.213302
69.000 23.326659 0.212625
70.000 23.240431 0.211894
71.000 22.745435 0.211205
72.000 22.735931 0.210597
73.000 22.702874 0.210208
74.000 22.475787 0.209868
75.000 22.436186 0.209520
76.000 22.435378 0.209146
77.000 21.980719 0.208869
78.000 22.143636 0.208775
79.000 21.517340 0.208876
80.000 22.178337 0.209029
81.000 22.391059 0.209365
82.000 22.493537 0.209765
83.000 22.718393 0.210280
84.000 22.691882 0.210845
85.000 22.578879 0.211319
86.000 22.836151 0.211713
87.000 22.890370 0.212204
88.000 23.026527 0.212886
89.000 23.523112 0.213660
90.000 23.139399 0.214321
91.000 23.651903 0.214797
92.000 23.781078 0.215158
93.000 23.637831 0.215330
94.000 23.701381 0.215527
95.000 23.815451 0.215833
96.000 24.155988 0.216156
97.000 24.000687 0.216452
98.000 24.308467 0.216618
99.000 23.785421 0.216773
100.000 23.567902 0.216863
101.000 23.864907 0.216879
102.000 23.819599 0.216829
103.000 24.167984 0.216701
104.000 24.294381 0.216471
105.000 23.993997 0.216127
106.000 23.585821 0.215631
107.000 23.908756 0.215331
108.000 23.326639 0.215313
109.000 23.664065 0.215336
110.000 23.424419 0.215223
111.000 23.884420 0.214974
112.000 23.615937 0.214786
113.000 23.570834 0.214528
114.000 23.615944 0.214206
115.000 23.032421 0.213875
116.000 23.299125 0.213498
117.000 23.381435 0.213114
118.000 23.100817 0.212664
119.000 23.039346 0.212190
120.000 22.758599 0.211728
121.000 22.376699 0.211430
122.000 22.771704 0.211256
123.000 22.626027 0.211085
124.000 22.748362 0.210965
125.000 22.597541 0.210730
126.000 22.598708 0.210311
127.000 22.683150 0.209849
128.000 22.377736 0.209321
129.000 22.474484 0.208622
130.000 22.282081 0.208058
131.000 21.866803 0.207534
132.000 21.882747 0.207316
133.000 22.073511 0.207441
134.000 21.996238 0.207581
135.000 22.148108 0.207651
136.000 22.097250 0.207810
137.000 21.950282 0.207843
138.000 22.201810 0.207774
139.000 22.244052 0.207710
140.000 21.878320 0.207734
141.000 21.926067 0.207849
142.000 21.979017 0.208107
143.000 22.380166 0.208433
144.000 22.719760 0.208857
145.000 21.928047 0.209397
146.000 22.372882 0.210036
147.000 22.805219 0.210722
148.000 22.837596 0.211258
149.000 22.986706 0.211568
150.000 22.848246 0.211775
151.000 23.232539 0.211868
152.000 23.100391 0.211936
153.000 23.048774 0.211958
154.000 23.105578 0.211992
155.000 23.144787 0.211961
156.000 22.686602 0.211800
157.000 22.862668 0.211658
158.000 22.852630 0.211601
159.000 22.698361 0.211578
160.000 23.339581 0.211556
161.000 22.532675 0.211726
162.000 23.371340 0.212022
163.000 22.766100 0.212052
164.000 23.281441 0.211981
165.000 22.959550 0.211964
166.000 22.939352 0.212069
167.000 22.756896 0.212131
168.000 22.952654 0.212099
169.000 22.874998 0.212095
170.000 23.100938 0.212247
171.000 22.806739 0.212404
172.000 22.916233 0.212461
173.000 22.449725 0.212415
174.000 22.992284 0.212428
175.000 23.237089 0.212592
176.000 22.911487 0.212862
177.000 23.404192 0.213127
178.000 23.526067 0.213281
179.000 23.221125 0.213496
180.000 23.385322 0.213858
181.000 23.768128 0.214265
182.000 23.187205 0.214440
183.000 23.637102 0.214487
184.000 23.490854 0.214480
185.000 23.378045 0.214413
186.000 23.023555 0.214363
187.000 23.648820 0.214389
188.000 23.516342 0.214450
189.000 23.538818 0.214521
190.000 23.482529 0.214487
191.000 23.475054 0.214381
192.000 23.209489 0.214355
193.000 23.318586 0.214424
194.000 23.633824 0.214546
195.000 23.458245 0.214679
196.000 23.510501 0.214738
197.000 23.519407 0.214769
198.000 23.706320 0.214764
199.000 23.787580 0.214770
200.000 23.586113 0.215030
201.000 24.178921 0.215292
202.000 23.968045 0.215417
203.000 23.651714 0.215369
204.000 23.794015 0.215364
205.000 23.639514 0.215456
206.000 23.741159 0.215698
207.000 24.120950 0.216032
208.000 24.042956 0.216463
209.000 24.046648 0.216856
210.000 24.360137 0.217118
211.000 23.952809 0.217311
212.000 24.158724 0.217418
213.000 24.545035 0.217326
214.000 23.976581 0.217122
215.000 23.744212 0.216959
216.000 24.262785 0.216702
217.000 23.693800 0.216472
218.000 24.072706 0.216448
219.000 23.700902 0.216464
220.000 23.925459 0.216561
221.000 23.830559 0.216763
222.000 24.115949 0.217020
223.000 24.606262 0.217220
224.000 24.086300 0.217392
225.000 24.127774 0.217669
226.000 24.199193 0.217855
227.000 24.344156 0.217861
228.000 24.627691 0.217830
229.000 24.265146 0.217668
230.000 23.955607 0.217500
231.000 24.403668 0.217422
232.000 23.736266 0.217343
233.000 23.906651 0.217214
234.000 23.994996 0.217276
235.000 24.360159 0.217487
236.000 24.063921 0.217636
237.000 24.168961 0.217792
238.000 24.448747 0.218186
239.000 24.523060 0.218661
360.000 19.983614 0.196621
361.000 19.752886 0.196260
362.000 19.330426 0.196024
363.000 19.498890 0.195890
364.000 19.430603 0.195817
365.000 19.689952 0.195755
366.000 19.517754 0.195715
367.000 19.610402 0.195541
368.000 19.342363 0.195250
369.000 19.132001 0.194965
370.000 19.608365 0.194709
371.000 18.973457 0.194382
372.000 19.543830 0.194045
373.000 19.280061 0.193781
374.000 19.467193 0.193532
375.000 19.191416 0.193278
376.000 19.192662 0.193120
377.000 19.295791 0.193013
378.000 19.095850 0.192864
379.000 18.685823 0.192712
380.000 18.855615 0.192742
381.000 18.785756 0.192822
382.000 18.703463 0.192897
383.000 19.208163 0.193054
384.000 19.118377 0.193158
385.000 18.994976 0.193306
386.000 19.237869 0.193363
387.000 18.766804 0.193306
388.000 19.261215 0.193122
389.000 19.035150 0.192945
390.000 18.798919 0.192897
391.000 19.424392 0.193057
392.000 19.071162 0.193371
393.000 18.929644 0.193744
394.000 19.084704 0.194135
395.000 19.178632 0.194479
396.000 19.364934 0.194684
397.000 19.609006 0.194852
398.000 19.649955 0.194970
399.000 19.285898 0.195187
400.000 19.524913 0.195455
401.000 19.425693 0.195675
402.000 19.381582 0.195750
403.000 19.575504 0.195607
404.000 19.538151 0.195190
405.000 19.419816 0.194634
406.000 19.386077 0.193878
407.000 19.258685 0.193166
408.000 18.897278 0.192362
409.000 18.889257 0.191878
410.000 19.096085 0.191940
411.000 19.128712 0.192318
412.000 19.140059 0.192869
413.000 19.230092 0.193381
414.000 19.258893 0.193817
415.000 19.480686 0.194304
416.000 19.425016 0.194751
417.000 19.532663 0.195111
418.000 19.292225 0.195435
419.000 19.320691 0.195560
420.000 19.601114 0.195747
421.000 19.600685 0.196085
422.000 19.908360 0.196568
423.000 19.959141 0.196984
424.000 20.001116 0.197110
425.000 19.795290 0.197001
426.000 19.279481 0.196828
427.000 19.923648 0.196525
428.000 19.822387 0.196233
429.000 19.874620 0.195863
430.000 19.610736 0.195429
431.000 19.411060 0.195130
432.000 19.113019 0.194889
433.000 19.553605 0.194538
434.000 19.612794 0.194097
435.000 19.030960 0.193720
436.000 19.382896 0.193531
437.000 19.328298 0.193296
438.000 18.969131 0.192960
439.000 19.049716 0.192555
440.000 19.036061 0.192498
441.000 19.007685 0.192678
442.000 18.947210 0.192815
443.000 18.740715 0.192651
444.000 18.815457 0.192318
445.000 18.532906 0.191896
446.000 18.345937 0.191465
447.000 18.320420 0.191085
448.000 18.336584 0.190949
449.000 18.578797 0.191032
450.000 18.126922 0.191100
451.000 18.612028 0.191115
452.000 18.817305 0.191060
453.000 18.670601 0.191046
454.000 18.802967 0.191007
455.000 18.476026 0.191031
456.000 18.563806 0.191333
457.000 18.412570 0.191745
458.000 19.105303 0.192205
459.000 19.186361 0.192899
460.000 19.327248 0.193587
461.000 18.897957 0.194231
462.000 19.414836 0.194779
463.000 19.559538 0.195244
464.000 19.306846 0.195743
465.000 19.741933 0.196299
466.000 19.794524 0.196850
467.000 19.766662 0.197004
468.000 19.844458 0.197123
469.000 20.267249 0.197473
470.000 20.131259 0.197883
471.000 19.965369 0.198188
472.000 20.199949 0.198318
473.000 20.080899 0.198268
474.000 20.165037 0.198012
475.000 19.961974 0.197702
476.000 19.847170 0.197254
477.000 20.015601 0.196795
478.000 19.600569 0.196307
479.000 19.778958 0.195850
480.000 19.721802 0.195365
481.000 19.420463 0.194982
482.000 19.372460 0.194762
483.000 19.349342 0.194634
484.000 19.312520 0.194674
485.000 19.657757 0.194776
486.000 19.401806 0.194808
487.000 19.326636 0.194864
488.000 19.495372 0.194940
489.000 19.336721 0.194828
490.000 19.391864 0.194481
491.000 19.319860 0.193980
492.000 19.190264 0.193460
493.000 19.113807 0.192974
494.000 18.825959 0.192642
495.000 18.875321 0.192527
496.000 19.165439 0.192642
497.000 19.013851 0.192964
498.000 19.100758 0.193348
499.000 19.171124 0.193832
500.000 19.372953 0.194380
501.000 19.211182 0.195038
502.000 19.504714 0.195706
503.000 19.535754 0.196301
504.000 20.042563 0.196993
505.000 20.145067 0.197683
506.000 20.188144 0.198124
507.000 19.759319 0.198260
508.000 19.874449 0.198381
509.000 20.207393 0.198685
510.000 20.413231 0.199027
511.000 20.244847 0.199421
512.000 20.609961 0.199867
513.000 20.377407 0.200296
514.000 20.753001 0.200639
515.000 20.630483 0.201062
516.000 20.883172 0.201549
517.000 20.986984 0.202019
518.000 20.979183 0.202475
519.000 21.125546 0.202791
520.000 21.569793 0.203113
521.000 21.229621 0.203454
522.000 21.219567 0.203701
523.000 21.347673 0.203843
524.000 21.093450 0.203932
525.000 21.133481 0.204016
526.000 21.321713 0.203967
527.000 21.169017 0.203985
528.000 21.440889 0.204200
529.000 21.521680 0.204543
530.000 21.347260 0.204827
531.000 21.325620 0.205122
532.000 21.589162 0.205294
533.000 21.294722 0.205456
534.000 21.431323 0.205739
535.000 21.738212 0.205987
536.000 21.609951 0.206137
537.000 21.763196 0.206146
538.000 21.360466 0.206136
539.000 21.637234 0.206024
540.000 21.687712 0.205876
541.000 21.471907 0.205833
542.000 21.468431 0.205940
543.000 21.581567 0.206095
544.000 21.873125 0.206536
545.000 21.808871 0.207142
546.000 22.218227 0.207579
547.000 22.199377 0.207834
548.000 22.194094 0.208032
549.000 22.190367 0.208017
550.000 22.225734 0.207884
551.000 21.965985 0.207682
552.000 22.050845 0.207291
553.000 21.718829 0.206869
554.000 21.816698 0.206509
555.000 21.687484 0.206269
556.000 21.763896 0.206257
557.000 22.007117 0.206401
558.000 21.771632 0.206544
559.000 21.830958 0.206552
560.000 21.997383 0.206627
561.000 21.505553 0.206559
562.000 21.805193 0.206341
563.000 21.624654 0.206148
564.000 21.396575 0.205958
565.000 21.834907 0.205788
566.000 21.693068 0.205612
567.000 21.791048 0.205559
568.000 21.669197 0.205728
569.000 21.738656 0.205950
570.000 21.925048 0.206267
571.000 21.743707 0.206637
572.000 21.699476 0.206947
573.000 21.975810 0.207345
574.000 21.824699 0.207759
575.000 22.137590 0.207916
576.000 21.820187 0.208102
577.000 22.386896 0.208248
578.000 22.193978 0.208472
579.000 22.188175 0.208766
580.000 22.362001 0.208973
581.000 22.373710 0.209172
582.000 22.771752 0.209300
583.000 22.675886 0.209367
584.000 22.343729 0.209439
585.000 22.403974 0.209639
586.000 21.928542 0.209712
587.000 22.475975 0.209550
588.000 22.428185 0.209416
589.000 22.035640 0.209298
590.000 22.227077 0.209224
591.000 22.262557 0.209140
592.000 22.144580 0.208896
593.000 22.248520 0.208518
594.000 22.627523 0.208141
595.000 22.076375 0.207711
596.000 21.935747 0.207322
597.000 22.168107 0.206920
598.000 21.473559 0.206514
599.000 21.871853 0.206345
720.000 19.794387 0.196754
721.000 19.985982 0.196580
722.000 19.519702 0.196296
723.000 19.828298 0.195977
724.000 19.620134 0.195685
725.000 20.076343 0.195529
726.000 19.596203 0.195407
727.000 19.191710 0.195346
728.000 19.438080 0.195271
729.000 19.497970 0.195236
730.000 19.166451 0.195105
731.000 19.455906 0.195211
732.000 18.904666 0.195344
733.000 19.839769 0.195473
734.000 19.393262 0.195586
735.000 19.389524 0.195758
736.000 19.445606 0.195754
737.000 19.578471 0.195636
738.000 19.206808 0.195432
739.000 19.568862 0.195086
740.000 19.242979 0.194882
741.000 19.058941 0.194748
742.000 19.241649 0.194577
743.000 19.324334 0.194460
744.000 19.301668 0.194481
745.000 19.342659 0.194580
746.000 19.045378 0.194608
747.000 19.392294 0.194673
748.000 19.248385 0.194622
749.000 19.445676 0.194637
750.000 19.642407 0.194574
751.000 19.233173 0.194536
752.000 19.276447 0.194511
753.000 19.233675 0.194476
754.000 18.969727 0.194495
755.000 19.269827 0.194617
756.000 19.181685 0.194891
757.000 19.982448 0.195356
758.000 19.555657 0.195886
759.000 19.828405 0.196412
760.000 19.833843 0.196966
761.000 19.658018 0.197465
762.000 20.067598 0.197927
763.000 19.984059 0.198401
764.000 20.207352 0.198832
765.000 20.181602 0.198936
766.000 20.220001 0.198758
767.000 20.039498 0.198472
768.000 19.855755 0.197914
769.000 19.921277 0.197386
770.000 19.750816 0.196966
771.000 19.856469 0.196579
772.000 19.701754 0.196206
773.000 19.398049 0.195907
774.000 19.212063 0.195673
775.000 19.598236 0.195649
776.000 19.216947 0.195859
777.000 19.710895 0.196335
778.000 19.539448 0.196931
779.000 19.703569 0.197677
780.000 20.595763 0.198398
781.000 20.157959 0.198947
782.000 20.479091 0.199344
783.000 20.194843 0.199520
784.000 20.266098 0.199625
785.000 20.341000 0.199685
786.000 20.221060 0.199753
787.000 20.711628 0.199995
788.000 20.330273 0.200094
789.000 20.429278 0.200086
790.000 20.659924 0.200075
791.000 20.269412 0.200138
792.000 20.655397 0.200296
793.000 20.317583 0.200388
794.000 20.642946 0.200414
795.000 20.236636 0.200330
796.000 20.392288 0.200076
797.000 20.099819 0.199760
798.000 20.276759 0.199461
799.000 20.416105 0.199235
800.000 20.194903 0.199059
801.000 20.274789 0.198901
802.000 20.339299 0.198739
803.000 20.200058 0.198586
804.000 20.011980 0.198508
805.000 20.089335 0.198416
806.000 19.918596 0.198386
807.000 20.165755 0.198472
808.000 19.959141 0.198550
809.000 20.429666 0.198681
810.000 20.020857 0.198778
811.000 19.766044 0.198746
812.000 20.207477 0.198593
813.000 20.003427 0.198497
814.000 20.295871 0.198495
815.000 20.295927 0.198545
816.000 20.023540 0.198703
817.000 19.985514 0.198771
818.000 20.290119 0.198775
819.000 20.506579 0.198863
820.000 20.183801 0.198900
821.000 20.191625 0.198894
822.000 20.036412 0.198806
823.000 20.434446 0.198653
824.000 20.030895 0.198434
825.000 20.081066 0.198167
826.000 20.051959 0.197958
827.000 20.249732 0.197770
828.000 19.890095 0.197631
829.000 20.029832 0.197396
830.000 19.950543 0.197096
831.000 20.104942 0.196872
832.000 19.863621 0.196793
833.000 20.115190 0.196848
834.000 19.990293 0.197044
835.000 19.830529 0.197502
836.000 20.086606 0.197938
837.000 20.150873 0.198248
838.000 20.048480 0.198563
839.000 20.511865 0.198795
840.000 20.320451 0.199061
841.000 20.232019 0.199326
842.000 20.244931 0.199576
843.000 20.282127 0.199813
844.000 20.369708 0.199908
845.000 19.963797 0.200061
846.000 20.225279 0.200064
847.000 20.402934 0.199947
848.000 19.822400 0.199783
849.000 20.700329 0.199733
850.000 20.239213 0.199736
851.000 20.443797 0.199762
852.000 20.385366 0.199840
853.000 20.546015 0.200178
854.000 20.616366 0.200613
855.000 20.532327 0.200864
856.000 20.664145 0.201045
857.000 20.645316 0.201138
858.000 20.701476 0.201189
859.000 20.750770 0.201206
860.000 20.708425 0.201074
861.000 20.939294 0.200920
862.000 20.733037 0.200700
863.000 20.402531 0.200474
864.000 20.399671 0.200174
865.000 20.140657 0.199825
866.000 20.170395 0.199679
867.000 20.373127 0.199819
868.000 20.596907 0.200176
869.000 20.476735 0.200727
870.000 20.865587 0.201234
871.000 20.701823 0.201539
872.000 20.346638 0.201695
873.000 20.244443 0.201708
874.000 20.827051 0.201754
875.000 21.053507 0.201876
876.000 21.192698 0.202065
877.000 20.821331 0.202060
878.000 20.794559 0.201837
879.000 20.674071 0.201651
880.000 20.585244 0.201568
881.000 20.704584 0.201582
882.000 20.494041 0.201531
883.000 20.839613 0.201362
884.000 20.873806 0.201293
885.000 20.329758 0.201244
886.000 20.893356 0.201246
887.000 20.664392 0.201189
888.000 20.645901 0.200980
889.000 20.579219 0.200774
890.000 20.696657 0.200597
891.000 20.565206 0.200312
892.000 20.130795 0.199775
893.000 20.253002 0.199208
894.000 20.162045 0.198565
895.000 19.742099 0.198191
896.000 19.949261 0.198133
897.000 19.741180 0.198178
898.000 19.970865 0.198315
899.000 20.239946 0.198425
900.000 20.193089 0.198458
901.000 19.843638 0.198409
902.000 19.947159 0.198197
903.000 19.696082 0.197996
904.000 20.116953 0.197751
905.000 19.566145 0.197442
906.000 19.667993 0.197122
907.000 19.849972 0.196494
908.000 19.365662 0.195654
909.000 19.623785 0.194824
910.000 18.711488 0.193956
911.000 19.161680 0.193156
912.000 19.151565 0.192364
913.000 18.992673 0.191587
914.000 18.466391 0.190755
915.000 18.372138 0.189845
916.000 18.416762 0.189039
917.000 18.220228 0.188461
918.000 17.865294 0.188163
919.000 18.158147 0.188084
920.000 18.284645 0.187995
921.000 18.456554 0.188058
922.000 18.271009 0.188144
923.000 17.948690 0.188355
924.000 18.398246 0.188588
925.000 18.516164 0.188794
926.000 18.392271 0.189079
927.000 18.125315 0.189441
928.000 18.467005 0.189771
929.000 18.499013 0.190090
930.000 18.765176 0.190473
931.000 18.150964 0.190918
932.000 18.855553 0.191280
933.000 18.528075 0.191755
934.000 18.897546 0.192251
935.000 18.986353 0.192793
936.000 19.154213 0.193199
937.000 19.145666 0.193505
938.000 19.322350 0.193783
939.000 19.349176 0.194021
940.000 19.596316 0.194097
941.000 19.372166 0.194035
942.000 19.111715 0.193974
943.000 19.281953 0.193706
944.000 19.437979 0.193552
945.000 19.114873 0.193433
946.000 19.111592 0.193244
947.000 19.175724 0.193153
948.000 19.133859 0.193027
949.000 18.679012 0.192860
950.000 18.793348 0.192727
951.000 18.502733 0.192757
952.000 18.873619 0.192756
953.000 19.012848 0.192717
954.000 19.158800 0.192852
955.000 18.769724 0.193134
956.000 19.181772 0.193358
957.000 19.059706 0.193446
958.000 19.170748 0.193478
959.000 18.972400 0.193621
