# date, mag, err_mag
-0.000 19.508751 0.195288
1.000 19.542191 0.194976
2.000 19.838973 0.194448
3.000 19.449391 0.193746
4.000 19.075776 0.193050
5.000 19.214771 0.192370
6.000 19.132025 0.191724
7.000 19.310719 0.191057
8.000 19.000041 0.190544
9.000 18.730188 0.190150
10.000 18.713751 0.189668
11.000 18.442373 0.189138
12.000 18.007480 0.188546
13.000 17.826109 0.188102
14.000 18.120192 0.187864
15.000 18.014479 0.187738
16.000 18.096263 0.187796
17.000 18.393172 0.188196
18.000 18.701928 0.188639
19.000 18.178541 0.188906
20.000 18.171227 0.189194
21.000 18.637753 0.189557
22.000 18.489694 0.189863
23.000 18.661723 0.189964
24.000 18.669812 0.189833
25.000 18.535193 0.189443
26.000 18.410024 0.189176
27.000 18.405420 0.189140
28.000 18.594424 0.189204
29.000 18.661113 0.189135
30.000 18.433432 0.188919
31.000 18.456213 0.188825
32.000 18.409604 0.188804
33.000 18.090881 0.188684
34.000 18.256010 0.188594
35.000 18.659005 0.188469
36.000 18.166713 0.188380
37.000 17.968072 0.188358
38.000 18.265989 0.188328
39.000 18.285740 0.188191
40.000 18.000442 0.187914
41.000 18.404055 0.187651
42.000 18.209050 0.187449
43.000 18.049496 0.187324
44.000 18.044747 0.187194
45.000 18.149569 0.187196
46.000 17.906764 0.187286
47.000 18.356738 0.187461
48.000 17.868465 0.187509
49.000 18.182349 0.187513
50.000 17.764109 0.187577
51.000 18.064699 0.187726
52.000 18.151484 0.187887
53.000 18.297991 0.188123
54.000 18.327658 0.188340
55.000 18.671656 0.188370
56.000 18.245155 0.188278
57.000 18.625348 0.188021
58.000 18.508925 0.187688
59.000 18.405825 0.187346
60.000 18.002310 0.187231
61.000 18.173005 0.187065
62.000 18.003698 0.186929
63.000 18.078846 0.186836
64.000 17.948248 0.186881
65.000 18.095827 0.186984
66.000 17.974833 0.186939
67.000 18.516405 0.186693
68.000 17.793047 0.186289
69.000 17.803049 0.185747
70.000 17.836736 0.185169
71.000 17.445487 0.184541
72.000 17.570596 0.183978
73.000 17.280473 0.183554
74.000 17.467932 0.183225
75.000 17.360699 0.182956
76.000 17.079077 0.182752
77.000 17.051290 0.182549
78.000 17.129188 0.182455
79.000 17.053166 0.182686
80.000 17.250592 0.183001
81.000 17.292254 0.183246
82.000 17.233434 0.183563
83.000 17.628238 0.183944
84.000 17.690221 0.184345
85.000 17.386983 0.184797
86.000 17.846403 0.185415
87.000 17.864335 0.186076
88.000 18.140491 0.186514
89.000 18.386247 0.186943
90.000 18.215431 0.187413
91.000 18.317312 0.188140
92.000 18.316844 0.188934
93.000 18.501384 0.189839
94.000 18.909802 0.190685
95.000 18.852622 0.191494
96.000 18.901249 0.191953
97.000 19.008349 0.192195
98.000 19.440593 0.192210
99.000 18.741340 0.192042
100.000 19.214554 0.191987
101.000 19.469313 0.191973
102.000 18.972344 0.192050
103.000 18.941137 0.192017
104.000 19.355246 0.191890
105.000 19.030160 0.191827
106.000 18.817711 0.191815
107.000 18.297424 0.191736
108.000 19.021895 0.191514
109.000 18.715822 0.191280
110.000 18.991533 0.191100
111.000 18.647905 0.190943
112.000 18.575848 0.190785
113.000 18.737046 0.190618
114.000 18.622557 0.190660
115.000 18.739130 0.190806
116.000 18.838422 0.191037
117.000 18.557287 0.191307
118.000 18.751843 0.191768
119.000 19.438438 0.192369
120.000 19.031066 0.193108
121.000 19.303353 0.193955
122.000 19.821948 0.194689
123.000 19.797922 0.195339
124.000 19.550736 0.195894
125.000 20.231749 0.196275
126.000 19.557671 0.196430
127.000 20.097549 0.196421
128.000 19.761588 0.196262
129.000 19.627210 0.196073
130.000 19.848322 0.195808
131.000 19.945449 0.195639
132.000 20.171287 0.195654
133.000 20.021307 0.195790
134.000 19.611816 0.195920
135.000 20.059032 0.196101
136.000 20.127072 0.196381
137.000 20.011656 0.196628
138.000 19.798270 0.196787
139.000 20.118776 0.196968
140.000 20.314921 0.197221
141.000 20.264744 0.197402
142.000 20.126830 0.197512
143.000 20.350045 0.197611
144.000 20.328278 0.197748
145.000 20.130915 0.197965
146.000 20.593512 0.198148
147.000 20.302083 0.198201
148.000 20.018582 0.198042
149.000 20.112248 0.197818
150.000 20.242724 0.197533
151.000 19.908191 0.197175
152.000 19.808534 0.196888
153.000 20.351383 0.196796
154.000 19.945675 0.196791
155.000 20.348010 0.196803
156.000 19.690385 0.196790
157.000 20.001099 0.196876
158.000 19.806877 0.196815
159.000 20.222306 0.196618
160.000 19.958549 0.196229
161.000 20.006731 0.195642
162.000 20.048644 0.195178
163.000 19.724495 0.194879
164.000 19.392778 0.194740
165.000 19.725277 0.194805
166.000 19.735796 0.194971
167.000 20.038634 0.194954
168.000 19.492178 0.194926
169.000 19.388257 0.194874
170.000 19.744186 0.194861
171.000 19.649106 0.195025
172.000 19.338778 0.195144
173.000 19.409721 0.195117
174.000 19.591593 0.195075
175.000 19.798483 0.195183
176.000 19.904021 0.195347
177.000 19.963945 0.195378
178.000 19.775822 0.195275
179.000 19.589829 0.195070
180.000 19.491300 0.194838
181.000 19.923217 0.194498
182.000 19.592323 0.194196
183.000 19.257842 0.193961
184.000 19.298405 0.193737
185.000 19.863423 0.193716
186.000 19.427913 0.193899
187.000 19.166409 0.194056
188.000 19.700698 0.194167
189.000 19.155703 0.194297
190.000 19.325931 0.194253
191.000 19.410032 0.193988
192.000 19.318012 0.193620
193.000 19.337614 0.193483
194.000 19.385702 0.193603
195.000 19.303321 0.193961
196.000 19.309020 0.194430
197.000 19.739108 0.194799
198.000 19.414097 0.194873
199.000 19.376841 0.194649
200.000 19.338685 0.194381
201.000 19.395868 0.194180
202.000 19.205179 0.193975
203.000 19.203359 0.193684
204.000 19.107882 0.193484
205.000 19.460937 0.193405
206.000 19.487790 0.193457
207.000 19.531593 0.193457
208.000 19.295280 0.193572
209.000 19.089750 0.193823
210.000 19.885918 0.194294
211.000 19.600644 0.194708
212.000 19.702042 0.195059
213.000 19.689196 0.195508
214.000 19.926245 0.196017
215.000 20.281048 0.196403
216.000 20.209394 0.196821
217.000 20.221082 0.196930
218.000 19.986094 0.197025
219.000 20.382171 0.197068
220.000 19.693493 0.197014
221.000 19.849924 0.196898
222.000 20.016181 0.196876
223.000 20.083088 0.196830
224.000 20.262653 0.196886
225.000 19.938609 0.196954
226.000 19.881592 0.197080
227.000 20.263998 0.197225
228.000 20.459370 0.197198
229.000 19.965940 0.196995
230.000 20.127424 0.196554
231.000 20.039945 0.196125
232.000 20.036406 0.195837
233.000 19.771119 0.195647
234.000 19.582756 0.195440
235.000 19.978723 0.195172
236.000 19.379257 0.194924
237.000 19.832812 0.194870
238.000 19.453214 0.194753
239.000 19.826530 0.194680
360.000 17.382705 0.182909
361.000 17.190320 0.182831
362.000 17.325568 0.182938
363.000 17.431608 0.183209
364.000 17.446535 0.183601
365.000 17.396671 0.184202
366.000 17.733887 0.184964
367.000 17.696667 0.185663
368.000 17.871983 0.186179
369.000 18.012593 0.186586
370.000 18.091522 0.186940
371.000 17.927516 0.187109
372.000 18.201432 0.187177
373.000 18.019850 0.187297
374.000 18.001246 0.187179
375.000 18.154836 0.187020
376.000 17.840798 0.186819
377.000 17.654628 0.186563
378.000 18.110340 0.186436
379.000 18.004710 0.186592
380.000 18.333550 0.186692
381.000 18.225660 0.186655
382.000 18.106846 0.186500
383.000 17.707683 0.186356
384.000 18.201011 0.186482
385.000 17.968176 0.186884
386.000 17.923850 0.187160
387.000 18.359409 0.187323
388.000 17.844944 0.187516
389.000 18.371123 0.187622
390.000 18.074129 0.187787
391.000 18.173448 0.187733
392.000 18.010768 0.187536
393.000 18.438250 0.187356
394.000 18.065851 0.187108
395.000 18.077870 0.186752
396.000 18.367168 0.186590
397.000 17.986591 0.186507
398.000 18.205545 0.186425
399.000 17.880172 0.186338
400.000 17.877790 0.186374
401.000 17.752424 0.186399
402.000 18.097521 0.186375
403.000 17.717646 0.186291
404.000 17.918723 0.186281
405.000 17.942508 0.186320
406.000 18.200728 0.186351
407.000 17.805836 0.186249
408.000 18.134885 0.186027
409.000 17.951016 0.185957
410.000 17.905302 0.185913
411.000 17.947435 0.185903
412.000 17.752354 0.186086
413.000 17.898532 0.186405
414.000 17.844147 0.186763
415.000 17.846442 0.187036
416.000 18.145451 0.187228
417.000 18.514090 0.187400
418.000 17.881970 0.187437
419.000 18.334078 0.187415
420.000 18.120949 0.187463
421.000 18.215840 0.187567
422.000 18.033936 0.187658
423.000 18.143454 0.187718
424.000 17.993533 0.187857
425.000 18.406152 0.188044
426.000 18.699824 0.188178
427.000 18.292135 0.188220
428.000 18.405236 0.188179
429.000 18.148615 0.188028
430.000 18.214893 0.187918
431.000 18.045654 0.187971
432.000 18.388340 0.187972
433.000 18.363872 0.188005
434.000 18.262404 0.188137
435.000 18.625428 0.188372
436.000 18.364852 0.188722
437.000 18.613445 0.189403
438.000 19.005947 0.190359
439.000 19.285350 0.191269
440.000 18.820006 0.191982
441.000 19.097485 0.192560
442.000 19.029998 0.192896
443.000 19.261228 0.193245
444.000 19.107809 0.193566
445.000 19.352763 0.193904
446.000 19.766000 0.194181
447.000 19.411014 0.194381
448.000 19.702953 0.194592
449.000 19.649669 0.194742
450.000 19.784786 0.194834
451.000 19.761219 0.194949
452.000 19.634818 0.195032
453.000 19.971906 0.195158
454.000 20.021039 0.195259
455.000 19.665059 0.195327
456.000 19.795395 0.195383
457.000 19.369341 0.195413
458.000 19.687769 0.195355
459.000 20.042583 0.195448
460.000 19.208403 0.195506
461.000 19.846820 0.195633
462.000 19.925113 0.195805
463.000 19.704839 0.195915
464.000 20.259362 0.196046
465.000 20.109286 0.196075
466.000 19.872729 0.196143
467.000 19.793354 0.196400
468.000 19.506107 0.196676
469.000 20.127257 0.196848
470.000 20.228581 0.197078
471.000 20.074683 0.197269
472.000 20.007922 0.197314
473.000 20.224679 0.197276
474.000 19.771287 0.197151
475.000 20.258961 0.196885
476.000 20.225480 0.196511
477.000 19.632685 0.195992
478.000 20.005458 0.195590
479.000 19.992060 0.195447
480.000 19.932749 0.195591
481.000 19.909129 0.195796
482.000 19.794188 0.195958
483.000 19.717639 0.196066
484.000 19.950678 0.196042
485.000 19.945332 0.195853
486.000 19.483807 0.195658
487.000 19.697815 0.195311
488.000 19.561029 0.195110
489.000 19.845046 0.195064
490.000 19.725276 0.195176
491.000 19.482464 0.195342
492.000 19.673156 0.195455
493.000 19.410837 0.195623
494.000 19.563850 0.195781
495.000 19.722906 0.195839
496.000 19.789468 0.195755
497.000 19.441885 0.195507
498.000 19.899783 0.195218
499.000 19.784592 0.194966
500.000 19.779380 0.194788
501.000 19.481436 0.194552
502.000 19.463890 0.194249
503.000 19.202362 0.193573
504.000 19.261716 0.192738
505.000 18.957584 0.191989
506.000 19.032625 0.191484
507.000 18.560270 0.191207
508.000 18.790983 0.191131
509.000 18.743549 0.190980
510.000 18.671951 0.190642
511.000 18.874528 0.190381
512.000 18.636050 0.190130
513.000 18.332608 0.189822
514.000 18.640986 0.189356
515.000 18.365188 0.188887
516.000 18.094678 0.188496
517.000 18.345371 0.188248
518.000 18.188971 0.188082
519.000 18.559675 0.187906
520.000 18.075809 0.187641
521.000 18.445373 0.187522
522.000 18.052826 0.187412
523.000 18.470209 0.187339
524.000 18.147032 0.187285
525.000 17.987454 0.187254
526.000 17.970235 0.187338
527.000 18.011180 0.187313
528.000 17.990497 0.187366
529.000 18.272636 0.187684
530.000 18.115101 0.187999
531.000 18.141837 0.188158
532.000 18.257052 0.188365
533.000 18.433215 0.188538
534.000 18.409475 0.188775
535.000 18.574603 0.189003
536.000 18.864719 0.189199
537.000 18.516582 0.189044
538.000 18.248422 0.188627
539.000 18.063895 0.188209
540.000 17.950678 0.187729
541.000 18.030775 0.187305
542.000 17.995721 0.186877
543.000 18.142214 0.186526
544.000 17.870468 0.186273
545.000 17.510810 0.185770
546.000 18.012431 0.185039
547.000 17.675650 0.184380
548.000 17.539217 0.183839
549.000 17.637423 0.183421
550.000 17.541598 0.183030
551.000 17.576580 0.182675
552.000 17.136487 0.182359
553.000 16.881708 0.181902
554.000 16.888440 0.181462
555.000 17.007215 0.181140
556.000 17.109049 0.180706
557.000 16.423596 0.180362
558.000 16.962582 0.180295
559.000 17.187141 0.180429
560.000 16.729792 0.180792
561.000 16.738347 0.181231
562.000 17.291166 0.181824
563.000 16.943849 0.182546
564.000 17.592751 0.183240
565.000 17.163392 0.183727
566.000 17.812364 0.184201
567.000 17.895399 0.184691
568.000 17.622174 0.184997
569.000 17.710858 0.185134
570.000 17.699199 0.185051
571.000 17.765578 0.184834
572.000 17.666961 0.184426
573.000 17.210308 0.184100
574.000 17.127682 0.183789
575.000 17.555208 0.183665
576.000 17.365427 0.183594
577.000 17.366450 0.183581
578.000 17.671650 0.183582
579.000 17.530831 0.183753
580.000 17.439280 0.183984
581.000 17.600909 0.184216
582.000 17.511806 0.184474
583.000 17.734710 0.184853
584.000 17.440951 0.185287
585.000 17.894692 0.185771
586.000 17.943080 0.186292
587.000 18.031570 0.186790
588.000 18.175855 0.187205
589.000 18.307622 0.187510
590.000 18.459272 0.187658
591.000 18.434002 0.187594
592.000 17.876829 0.187511
593.000 18.052350 0.187496
594.000 18.523136 0.187624
595.000 18.074110 0.187770
596.000 18.290508 0.187959
597.000 17.875221 0.188261
598.000 18.284420 0.188660
599.000 18.659896 0.189203
720.000 20.172734 0.198394
721.000 20.161835 0.198230
722.000 20.025054 0.197947
723.000 20.140877 0.197633
724.000 19.654397 0.197420
725.000 20.254481 0.197203
726.000 19.973413 0.197054
727.000 19.861855 0.197035
728.000 19.941973 0.197290
729.000 19.827094 0.197651
730.000 20.309918 0.197991
731.000 19.995203 0.198249
732.000 20.408354 0.198488
733.000 20.301929 0.198562
734.000 20.270504 0.198479
735.000 20.418165 0.198236
736.000 20.155606 0.198056
737.000 20.560782 0.198088
738.000 20.284513 0.198224
739.000 20.237151 0.198393
740.000 19.979236 0.198639
741.000 20.598816 0.198824
742.000 20.520030 0.199021
743.000 20.731320 0.199289
744.000 20.592024 0.199818
745.000 20.553968 0.200393
746.000 20.864702 0.200934
747.000 21.094976 0.201431
748.000 21.112435 0.201950
749.000 21.305102 0.202425
750.000 21.014917 0.202893
751.000 21.263096 0.203248
752.000 21.214910 0.203555
753.000 21.635296 0.204011
754.000 22.013047 0.204405
755.000 21.478800 0.204687
756.000 21.418784 0.204885
757.000 21.785169 0.205065
758.000 21.816581 0.205199
759.000 21.818943 0.205209
760.000 21.736278 0.205150
761.000 21.581227 0.205239
762.000 22.027155 0.205416
763.000 21.621483 0.205519
764.000 21.831419 0.205461
765.000 21.550466 0.205153
766.000 21.121561 0.204703
767.000 21.425247 0.204233
768.000 21.496146 0.203738
769.000 21.844448 0.203313
770.000 21.070269 0.203169
771.000 21.356953 0.202988
772.000 21.309913 0.202748
773.000 20.983483 0.202600
774.000 20.897949 0.202424
775.000 21.548243 0.202269
776.000 21.120890 0.202217
777.000 21.192788 0.202132
778.000 21.211496 0.201906
779.000 21.041317 0.201676
780.000 20.846136 0.201557
781.000 20.861445 0.201655
782.000 20.977682 0.201970
783.000 20.984392 0.202256
784.000 21.248102 0.202456
785.000 21.361427 0.202636
786.000 20.891248 0.202466
787.000 21.240864 0.202335
788.000 21.123300 0.202228
789.000 21.109349 0.202208
790.000 21.218658 0.202200
791.000 21.145898 0.202137
792.000 20.964345 0.202034
793.000 21.127139 0.201827
794.000 21.245746 0.201604
795.000 20.936267 0.201412
796.000 20.787647 0.201276
797.000 20.731751 0.200966
798.000 20.648965 0.200632
799.000 20.860683 0.200446
800.000 20.645304 0.200552
801.000 20.932444 0.200662
802.000 21.107169 0.200962
803.000 20.788452 0.201262
804.000 21.064502 0.201509
805.000 20.880019 0.201768
806.000 21.217386 0.202236
807.000 21.787073 0.202843
808.000 21.549734 0.203482
809.000 21.640967 0.204043
810.000 21.574696 0.204512
811.000 21.540337 0.204764
812.000 21.749373 0.204993
813.000 21.713089 0.205256
814.000 22.050698 0.205572
815.000 22.081592 0.205854
816.000 21.972662 0.206054
817.000 22.238258 0.206168
818.000 21.700301 0.206344
819.000 22.018863 0.206561
820.000 22.072756 0.206940
821.000 22.191429 0.207379
822.000 22.265489 0.207610
823.000 22.543612 0.207692
824.000 22.120436 0.207615
825.000 22.280580 0.207405
826.000 22.095921 0.207076
827.000 22.169370 0.206592
828.000 21.761366 0.205987
829.000 22.153027 0.205350
830.000 21.577651 0.204834
831.000 21.264265 0.204403
832.000 21.683595 0.204024
833.000 21.695551 0.203608
834.000 21.536376 0.203257
835.000 20.861360 0.203010
836.000 21.377547 0.202957
837.000 20.762753 0.202965
838.000 21.580637 0.203007
839.000 21.567399 0.203156
840.000 21.534340 0.203341
841.000 21.151657 0.203403
842.000 21.425069 0.203357
843.000 21.572238 0.203426
844.000 21.620417 0.203420
845.000 21.204617 0.203542
846.000 21.483507 0.203823
847.000 21.415611 0.204127
848.000 21.607586 0.204268
849.000 21.719742 0.204255
850.000 21.496910 0.204089
851.000 21.970933 0.203906
852.000 21.603237 0.203777
853.000 21.592057 0.203588
854.000 21.204077 0.203344
855.000 21.314042 0.203250
856.000 21.092622 0.203246
857.000 21.268194 0.203012
858.000 21.425599 0.202647
859.000 20.757666 0.202246
860.000 21.184975 0.201835
861.000 21.165998 0.201483
862.000 20.987944 0.201148
863.000 20.816423 0.200790
864.000 20.650100 0.200359
865.000 20.530158 0.199948
866.000 20.572173 0.199597
867.000 20.827320 0.199281
868.000 20.408626 0.198984
869.000 20.498709 0.198820
870.000 20.576974 0.198764
871.000 20.841190 0.198903
872.000 20.173880 0.199035
873.000 20.321912 0.198924
874.000 20.349237 0.198583
875.000 20.606525 0.198055
876.000 20.102219 0.197291
877.000 20.188189 0.196592
878.000 19.453304 0.195884
879.000 19.959342 0.195272
880.000 19.564160 0.194760
881.000 19.470548 0.194367
882.000 19.499876 0.194024
883.000 19.291965 0.193754
884.000 19.348087 0.193655
885.000 19.326114 0.193429
886.000 19.245654 0.193100
887.000 19.065987 0.192680
888.000 19.113277 0.192353
889.000 18.961322 0.192117
890.000 18.880733 0.191808
891.000 18.908503 0.191495
892.000 18.966889 0.191397
893.000 18.986203 0.191348
894.000 19.274727 0.191153
895.000 18.920943 0.190952
896.000 19.101108 0.190794
897.000 18.638793 0.190636
898.000 18.577879 0.190508
899.000 18.498514 0.190315
900.000 18.524902 0.190348
901.000 18.897953 0.190629
902.000 18.679725 0.190876
903.000 18.511634 0.190971
904.000 18.752898 0.190795
905.000 18.682508 0.190486
906.000 18.639070 0.190083
907.000 18.579335 0.189886
908.000 18.520955 0.189959
909.000 18.495586 0.190111
910.000 18.933393 0.190376
911.000 18.831538 0.190744
912.000 19.010636 0.191157
913.000 18.970561 0.191446
914.000 18.765683 0.191532
915.000 18.755302 0.191413
916.000 19.133228 0.191302
917.000 18.716693 0.191240
918.000 18.836687 0.191233
919.000 19.192353 0.191149
920.000 18.958915 0.191147
921.000 18.888395 0.191031
922.000 18.839701 0.190947
923.000 18.946630 0.191104
924.000 19.008696 0.191449
925.000 19.354659 0.191794
926.000 19.117440 0.192212
927.000 19.364619 0.192659
928.000 19.231811 0.193005
929.000 19.223042 0.193172
930.000 19.414247 0.193272
931.000 19.365987 0.193394
932.000 19.008025 0.193558
933.000 19.516878 0.193848
934.000 19.420211 0.194192
935.000 19.586542 0.194398
936.000 19.336898 0.194624
937.000 19.527252 0.194851
938.000 19.705464 0.195155
939.000 19.618165 0.195599
940.000 19.711270 0.196222
941.000 20.116672 0.196656
942.000 20.164061 0.196953
943.000 20.221236 0.197405
944.000 20.206881 0.197970
945.000 20.314157 0.198534
946.000 20.495533 0.199155
947.000 20.766730 0.199754
948.000 20.756500 0.200104
949.000 20.573873 0.200448
950.000 20.755477 0.200727
951.000 21.051171 0.200908
952.000 20.711149 0.201011
953.000 20.924048 0.201096
954.000 20.999979 0.201048
955.000 20.603367 0.200965
956.000 21.125454 0.200984
957.000 20.702747 0.201016
958.000 20.565763 0.201041
959.000 20.766619 0.201015
