# date, mag, err_mag
-0.000 18.370651 0.194130
1.000 18.013238 0.194084
2.000 18.166406 0.194086
3.000 18.447611 0.194208
4.000 18.271784 0.194364
5.000 18.518619 0.194479
6.000 18.315384 0.194457
7.000 18.373140 0.194503
8.000 18.256029 0.194638
9.000 18.183767 0.194973
10.000 18.545049 0.195242
11.000 18.122677 0.195324
12.000 18.473678 0.195294
13.000 18.459080 0.195093
14.000 18.196428 0.194905
15.000 18.487814 0.194764
16.000 18.216322 0.194614
17.000 18.276711 0.194277
18.000 18.099162 0.193936
19.000 18.140138 0.193680
20.000 18.223015 0.193659
21.000 18.406376 0.193536
22.000 17.748971 0.193229
23.000 17.827962 0.192856
24.000 18.113130 0.192324
25.000 17.930906 0.191749
26.000 17.753181 0.190839
27.000 17.618787 0.189919
28.000 17.044072 0.189152
29.000 17.104782 0.188548
30.000 17.057775 0.188146
31.000 16.670961 0.188007
32.000 16.759868 0.188066
33.000 17.019366 0.188268
34.000 17.147569 0.188594
35.000 16.858703 0.188882
36.000 17.497227 0.189103
37.000 17.504111 0.189214
38.000 17.021222 0.189178
39.000 17.346426 0.189143
40.000 17.319948 0.189236
41.000 17.468571 0.189533
42.000 17.749309 0.190140
43.000 17.805471 0.190911
44.000 17.857933 0.191765
45.000 17.848309 0.192534
46.000 18.005380 0.193211
47.000 17.883451 0.193965
48.000 18.588998 0.194836
49.000 19.038665 0.195774
50.000 18.909292 0.196414
51.000 18.488026 0.196874
52.000 18.673498 0.197318
53.000 18.607207 0.197646
54.000 18.969262 0.197773
55.000 18.947558 0.197924
56.000 18.818624 0.198052
57.000 18.904261 0.198230
58.000 18.822311 0.198546
59.000 18.885872 0.198876
60.000 19.158971 0.199211
61.000 19.064243 0.199641
62.000 19.515936 0.200180
63.000 19.560529 0.200641
64.000 19.412103 0.200932
65.000 19.542058 0.201097
66.000 19.690116 0.201172
67.000 19.373150 0.201025
68.000 19.457474 0.200742
69.000 19.282905 0.200327
70.000 19.058930 0.199895
71.000 19.145160 0.199370
72.000 18.937579 0.198893
73.000 18.871711 0.198466
74.000 19.312348 0.198070
75.000 18.614338 0.197809
76.000 19.057699 0.197649
77.000 18.831328 0.197592
78.000 18.820198 0.197720
79.000 18.860584 0.197896
80.000 18.878879 0.198148
81.000 19.123128 0.198394
82.000 19.041003 0.198634
83.000 18.934796 0.198887
84.000 19.251375 0.199221
85.000 19.100640 0.199705
86.000 19.282192 0.200185
87.000 19.714560 0.200640
88.000 19.481704 0.200946
89.000 19.364550 0.201363
90.000 19.495959 0.201733
91.000 19.655596 0.202023
92.000 19.956156 0.202405
93.000 20.455709 0.202833
94.000 20.180931 0.203268
95.000 20.278261 0.203631
96.000 19.835905 0.204005
97.000 20.288319 0.204329
98.000 20.207897 0.204591
99.000 20.291122 0.204970
100.000 20.523544 0.205715
101.000 20.488993 0.206740
102.000 20.826255 0.207805
103.000 20.926398 0.208777
104.000 20.771436 0.209646
105.000 21.134170 0.210376
106.000 21.716665 0.211096
107.000 21.817743 0.211623
108.000 21.748246 0.212042
109.000 22.026037 0.212486
110.000 21.961627 0.212952
111.000 22.324234 0.213497
112.000 22.075040 0.214007
113.000 22.181861 0.214321
114.000 22.380768 0.214637
115.000 22.754296 0.215041
116.000 22.374231 0.215575
117.000 22.518111 0.216143
118.000 22.580859 0.216492
119.000 22.294939 0.216573
120.000 22.653366 0.216520
121.000 23.089516 0.216418
122.000 22.415716 0.216312
123.000 22.360263 0.216267
124.000 22.619690 0.216316
125.000 22.715108 0.216336
126.000 22.412759 0.216345
127.000 22.619815 0.216413
128.000 23.165621 0.216482
129.000 22.502451 0.216425
130.000 22.845632 0.216316
131.000 22.532965 0.216238
132.000 22.545710 0.216306
133.000 22.565010 0.216191
134.000 22.647390 0.215957
135.000 22.516442 0.215724
136.000 22.800987 0.215559
137.000 22.315357 0.215500
138.000 22.295852 0.215532
139.000 22.473992 0.215575
140.000 22.281866 0.215653
141.000 22.291221 0.215858
142.000 22.351578 0.216245
143.000 22.169993 0.216637
144.000 22.768215 0.216993
145.000 22.820169 0.217206
146.000 22.955520 0.217476
147.000 22.729256 0.217766
148.000 23.327480 0.218165
149.000 23.076727 0.218534
150.000 22.977824 0.218949
151.000 23.677774 0.219255
152.000 22.965758 0.219554
153.000 23.395329 0.219775
154.000 23.267508 0.220007
155.000 23.328742 0.220299
156.000 23.224558 0.220723
157.000 23.425547 0.221173
158.000 23.502312 0.221770
159.000 23.885175 0.222435
160.000 23.814154 0.222946
161.000 24.201942 0.223314
162.000 24.054079 0.223539
163.000 24.228520 0.223714
164.000 24.290813 0.223842
165.000 23.712953 0.224053
166.000 23.946994 0.224460
167.000 24.082877 0.224926
168.000 24.347832 0.225329
169.000 24.242958 0.225468
170.000 24.738457 0.225487
171.000 24.758885 0.225379
172.000 24.776925 0.225208
173.000 24.589458 0.225042
174.000 24.088462 0.224868
175.000 24.133607 0.224814
176.000 24.095056 0.224738
177.000 24.236645 0.224509
178.000 24.159097 0.224284
179.000 24.365868 0.224150
180.000 24.306401 0.224119
181.000 24.288462 0.224020
182.000 24.508779 0.224019
183.000 24.195737 0.224085
184.000 24.236785 0.224143
185.000 24.627409 0.224119
186.000 24.535377 0.224045
187.000 24.228269 0.223900
188.000 24.050829 0.223677
189.000 24.441297 0.223374
190.000 23.923541 0.223051
191.000 24.324355 0.222868
192.000 24.049178 0.222910
193.000 23.685621 0.222949
194.000 23.855810 0.223052
195.000 24.131540 0.223331
196.000 24.218984 0.223590
197.000 23.964398 0.223857
198.000 24.584391 0.224218
199.000 24.192104 0.224512
200.000 24.251414 0.224576
201.000 24.478359 0.224537
202.000 24.344607 0.224523
203.000 24.414667 0.224554
204.000 24.300790 0.224544
205.000 24.376712 0.224397
206.000 24.405437 0.224212
207.000 24.316441 0.224104
208.000 23.990290 0.224001
209.000 24.388877 0.223932
210.000 24.601465 0.223855
211.000 24.266871 0.223758
212.000 24.291591 0.223720
213.000 24.091540 0.223862
214.000 24.091970 0.223996
215.000 24.057128 0.224144
216.000 23.719564 0.224374
217.000 24.444850 0.224608
218.000 23.927926 0.224629
219.000 24.207591 0.224596
220.000 24.435836 0.224662
221.000 24.556472 0.224773
222.000 24.317948 0.224689
223.000 24.192602 0.224495
224.000 23.934815 0.224324
225.000 23.983815 0.224314
226.000 24.097061 0.224335
227.000 24.012367 0.224346
228.000 24.495594 0.224386
229.000 24.583593 0.224427
230.000 24.144680 0.224265
231.000 24.262349 0.223967
232.000 23.850005 0.223614
233.000 24.048730 0.223270
234.000 24.157032 0.223079
235.000 23.940079 0.222969
236.000 23.561673 0.222711
237.000 23.870222 0.222314
238.000 23.811540 0.221760
239.000 23.570625 0.221068
360.000 23.998193 0.223029
361.000 23.934081 0.222642
362.000 23.722883 0.222067
363.000 23.607000 0.221479
364.000 23.402054 0.221016
365.000 23.470801 0.220766
366.000 23.440791 0.220648
367.000 23.438335 0.220641
368.000 23.518904 0.220722
369.000 23.540678 0.220695
370.000 23.773766 0.220610
371.000 23.670666 0.220515
372.000 23.160182 0.220328
373.000 23.378058 0.220079
374.000 23.061244 0.219818
375.000 22.910959 0.219495
376.000 22.892357 0.219205
377.000 23.090267 0.218850
378.000 23.551395 0.218374
379.000 22.945201 0.217868
380.000 22.831265 0.217328
381.000 22.801578 0.217026
382.000 22.844775 0.216806
383.000 22.672444 0.216573
384.000 22.645358 0.216333
385.000 22.578717 0.216113
386.000 22.537756 0.216015
387.000 22.384862 0.215905
388.000 22.565394 0.215752
389.000 22.616402 0.215572
390.000 22.761604 0.215493
391.000 22.344704 0.215444
392.000 22.687144 0.215534
393.000 22.587660 0.215527
394.000 22.687477 0.215644
395.000 22.536277 0.215958
396.000 22.755678 0.216457
397.000 23.018333 0.217034
398.000 22.647010 0.217681
399.000 22.885615 0.218190
400.000 23.378431 0.218705
401.000 23.244521 0.219341
402.000 23.509485 0.220019
403.000 23.478156 0.220531
404.000 23.536422 0.220876
405.000 23.236770 0.221138
406.000 23.654393 0.221286
407.000 23.744882 0.221121
408.000 23.447637 0.220843
409.000 23.417501 0.220626
410.000 23.183998 0.220459
411.000 23.180528 0.220323
412.000 23.327708 0.220185
413.000 23.152660 0.220092
414.000 23.687842 0.220093
415.000 23.050755 0.220111
416.000 23.330177 0.220016
417.000 23.269188 0.219643
418.000 23.395281 0.219288
419.000 23.089699 0.218879
420.000 23.398551 0.218651
421.000 22.960981 0.218533
422.000 22.647238 0.218449
423.000 22.672051 0.218357
424.000 22.927126 0.218392
425.000 23.485327 0.218428
426.000 22.918347 0.218591
427.000 22.939125 0.218626
428.000 23.253526 0.218547
429.000 23.238141 0.218370
430.000 23.138991 0.218136
431.000 22.552788 0.217726
432.000 22.375140 0.217239
433.000 22.390393 0.216734
434.000 22.657637 0.216296
435.000 22.655753 0.215976
436.000 22.385989 0.215684
437.000 22.820159 0.215517
438.000 22.266861 0.215415
439.000 22.161925 0.215212
440.000 22.305572 0.215109
441.000 22.338779 0.215091
442.000 22.236844 0.215085
443.000 22.477869 0.215156
444.000 22.214628 0.215228
445.000 22.298332 0.215264
446.000 22.515750 0.215215
447.000 22.537314 0.215288
448.000 22.475742 0.215474
449.000 22.721333 0.215591
450.000 22.371401 0.215623
451.000 22.545830 0.215659
452.000 22.426488 0.215769
453.000 22.138993 0.215837
454.000 22.705945 0.215872
455.000 23.278762 0.215776
456.000 22.365105 0.215506
457.000 22.704414 0.215041
458.000 22.353338 0.214413
459.000 22.155806 0.213768
460.000 21.758267 0.213309
461.000 21.658730 0.213073
462.000 21.982343 0.212949
463.000 21.857071 0.212917
464.000 21.852753 0.212993
465.000 21.533765 0.213064
466.000 21.743005 0.213164
467.000 22.028762 0.213265
468.000 21.991751 0.213150
469.000 21.422370 0.212939
470.000 21.908067 0.212668
471.000 21.584914 0.212242
472.000 21.958073 0.211541
473.000 21.243885 0.210755
474.000 21.239333 0.209935
475.000 20.931154 0.209175
476.000 20.924855 0.208704
477.000 20.613149 0.208284
478.000 20.954566 0.207906
479.000 20.591007 0.207758
480.000 20.832964 0.207713
481.000 20.676357 0.207821
482.000 20.764942 0.208037
483.000 21.147123 0.208214
484.000 20.758295 0.208508
485.000 21.035589 0.208699
486.000 20.649375 0.208733
487.000 20.830943 0.208762
488.000 21.114804 0.208843
489.000 20.988916 0.209089
490.000 21.090864 0.209497
491.000 21.731694 0.209929
492.000 21.216638 0.210284
493.000 21.452348 0.210616
494.000 21.611692 0.211054
495.000 21.680600 0.211440
496.000 22.011266 0.211784
497.000 21.564380 0.212140
498.000 21.955094 0.212395
499.000 21.841460 0.212810
500.000 22.457548 0.213208
501.000 21.439848 0.213632
502.000 22.147553 0.213708
503.000 22.194002 0.213729
504.000 22.123509 0.213810
505.000 22.171074 0.213647
506.000 21.833977 0.213399
507.000 21.742049 0.213152
508.000 21.668322 0.212692
509.000 21.624598 0.212121
510.000 21.567086 0.211731
511.000 21.563235 0.211517
512.000 21.048008 0.211505
513.000 21.948749 0.211723
514.000 21.550097 0.211904
515.000 21.684083 0.211903
516.000 21.449235 0.211988
517.000 21.817278 0.212131
518.000 21.340867 0.212368
519.000 21.747965 0.212505
520.000 21.774361 0.212428
521.000 21.793449 0.212311
522.000 22.152005 0.212255
523.000 21.919617 0.212255
524.000 21.259896 0.212125
525.000 21.692308 0.211885
526.000 21.948979 0.211707
527.000 21.429943 0.211524
528.000 21.570730 0.211160
529.000 21.006773 0.210863
530.000 21.513953 0.210595
531.000 21.536699 0.210241
532.000 21.169968 0.209820
533.000 21.533286 0.209420
534.000 21.139038 0.209008
535.000 21.121098 0.208656
536.000 20.598688 0.208490
537.000 20.828114 0.208388
538.000 20.968984 0.208212
539.000 20.593884 0.207937
540.000 20.866942 0.207430
541.000 21.044897 0.206666
542.000 20.557263 0.205936
543.000 20.373432 0.205269
544.000 20.167430 0.204565
545.000 20.346238 0.203996
546.000 20.160818 0.203542
547.000 19.872239 0.203104
548.000 19.757478 0.202749
549.000 19.760668 0.202489
550.000 19.702369 0.202415
551.000 19.454142 0.202204
552.000 19.481020 0.201812
553.000 19.559294 0.201482
554.000 19.630237 0.201341
555.000 19.258473 0.201272
556.000 19.484855 0.201143
557.000 19.046622 0.200992
558.000 19.433157 0.200787
559.000 19.507256 0.200409
560.000 19.318713 0.200196
561.000 19.440211 0.200420
562.000 19.494789 0.200785
563.000 19.395239 0.201047
564.000 19.225138 0.201099
565.000 19.710044 0.201121
566.000 19.595344 0.201207
567.000 19.509476 0.201297
568.000 19.595248 0.201411
569.000 19.411504 0.201497
570.000 19.463135 0.201360
571.000 19.680393 0.201021
572.000 19.342140 0.200563
573.000 19.409556 0.200161
574.000 19.346341 0.199802
575.000 19.201655 0.199354
576.000 18.868427 0.198902
577.000 19.196380 0.198569
578.000 18.759400 0.198279
579.000 18.970762 0.198215
580.000 18.953933 0.198418
581.000 19.078276 0.198714
582.000 19.053212 0.199021
583.000 18.777472 0.199221
584.000 19.477270 0.199413
585.000 19.172753 0.199506
586.000 19.649771 0.199552
587.000 19.368534 0.199635
588.000 19.359965 0.199659
589.000 19.356241 0.199844
590.000 19.149349 0.199934
591.000 19.512439 0.199885
592.000 19.164775 0.199868
593.000 19.344099 0.199923
594.000 19.688788 0.199912
595.000 19.616956 0.199801
596.000 19.400774 0.199713
597.000 19.124706 0.199678
598.000 19.354626 0.199795
599.000 19.265049 0.200168
720.000 20.383588 0.205973
721.000 20.364202 0.205909
722.000 20.443748 0.206083
723.000 20.990980 0.206512
724.000 20.737704 0.207180
725.000 20.778948 0.207831
726.000 21.114926 0.208435
727.000 20.913899 0.208941
728.000 21.093870 0.209507
729.000 21.105386 0.210043
730.000 21.451796 0.210490
731.000 21.759177 0.210957
732.000 21.415317 0.211340
733.000 21.517964 0.211794
734.000 21.526248 0.212261
735.000 21.629415 0.212654
736.000 21.766444 0.213007
737.000 22.159298 0.213249
738.000 22.119144 0.213763
739.000 22.309731 0.214465
740.000 22.413803 0.215295
741.000 22.554951 0.216184
742.000 22.914892 0.217114
743.000 22.304922 0.217825
744.000 23.112336 0.218380
745.000 23.522354 0.218787
746.000 22.969583 0.219191
747.000 23.230352 0.219512
748.000 23.398290 0.219781
749.000 23.971864 0.220194
750.000 23.159728 0.220610
751.000 23.575125 0.220991
752.000 23.562128 0.221241
753.000 23.123301 0.221272
754.000 23.397391 0.221161
755.000 23.827108 0.221056
756.000 23.883462 0.221071
757.000 23.770222 0.221118
758.000 23.384588 0.221120
759.000 23.345100 0.221121
760.000 23.786740 0.221318
761.000 23.929825 0.221678
762.000 23.579475 0.222115
763.000 24.061895 0.222412
764.000 24.104196 0.222838
765.000 24.432250 0.223383
766.000 23.968606 0.223870
767.000 24.281606 0.224414
768.000 24.301873 0.225108
769.000 24.193739 0.225798
770.000 24.888916 0.226494
771.000 24.646978 0.227021
772.000 24.751699 0.227478
773.000 24.847211 0.227771
774.000 24.712733 0.227746
775.000 25.005716 0.227483
776.000 24.614429 0.227151
777.000 25.019879 0.226800
778.000 24.795533 0.226516
779.000 24.770636 0.226198
780.000 24.633151 0.225868
781.000 24.714891 0.225588
782.000 24.315814 0.225289
783.000 24.114367 0.224960
784.000 24.817697 0.224634
785.000 24.055037 0.224298
786.000 24.648935 0.223906
787.000 24.171688 0.223477
788.000 24.262617 0.223054
789.000 23.809690 0.222585
790.000 23.914918 0.222256
791.000 23.860906 0.222045
792.000 23.598098 0.221795
793.000 23.804859 0.221654
794.000 23.874706 0.221543
795.000 23.462223 0.221416
796.000 23.829184 0.221424
797.000 23.586149 0.221571
798.000 23.724029 0.221825
799.000 23.896143 0.221963
800.000 23.755256 0.221932
801.000 23.793129 0.221944
802.000 23.677533 0.221993
803.000 23.762951 0.221954
804.000 23.677680 0.221814
805.000 23.681197 0.221555
806.000 23.825078 0.221283
807.000 23.836999 0.221118
808.000 23.541749 0.221135
809.000 23.647490 0.221318
810.000 23.950730 0.221532
811.000 23.398325 0.221604
812.000 23.483684 0.221583
813.000 23.635543 0.221592
814.000 23.684648 0.221461
815.000 23.854075 0.221274
816.000 23.413092 0.221103
817.000 23.694537 0.221158
818.000 23.666472 0.221346
819.000 23.780395 0.221645
820.000 23.786559 0.222013
821.000 23.789723 0.222318
822.000 23.734427 0.222451
823.000 24.449332 0.222646
824.000 24.216660 0.222676
825.000 24.342281 0.222451
826.000 23.922827 0.222106
827.000 24.042979 0.221699
828.000 23.873456 0.221339
829.000 23.391132 0.221037
830.000 23.438460 0.220623
831.000 22.863543 0.220124
832.000 23.169049 0.219548
833.000 23.250707 0.219086
834.000 22.755037 0.218688
835.000 23.078351 0.218302
836.000 23.116708 0.218031
837.000 22.359008 0.217725
838.000 22.968854 0.217376
839.000 22.615192 0.217083
840.000 22.669504 0.216866
841.000 22.525308 0.216656
842.000 22.728912 0.216508
843.000 22.745195 0.216378
844.000 22.375510 0.216232
845.000 22.309357 0.216034
846.000 22.368674 0.215775
847.000 22.255735 0.215395
848.000 22.253915 0.215056
849.000 22.511526 0.214827
850.000 22.112829 0.214805
851.000 22.395120 0.214752
852.000 22.102734 0.214592
853.000 22.405555 0.214513
854.000 22.462796 0.214351
855.000 22.043106 0.214240
856.000 21.829272 0.214385
857.000 22.174977 0.214600
858.000 22.206379 0.214743
859.000 22.270097 0.214869
860.000 22.506791 0.214922
861.000 22.112082 0.214902
862.000 22.054423 0.214671
863.000 21.909832 0.214356
864.000 22.039579 0.214148
865.000 21.992546 0.214022
866.000 22.089066 0.213925
867.000 21.940654 0.213889
868.000 21.864078 0.214020
869.000 22.224565 0.214330
870.000 22.424035 0.214685
871.000 22.222420 0.215025
872.000 22.617584 0.215333
873.000 22.284678 0.215498
874.000 22.258406 0.215356
875.000 22.331910 0.215166
876.000 22.419827 0.215098
877.000 22.450490 0.215123
878.000 22.092190 0.215188
879.000 21.984368 0.215240
880.000 22.363484 0.215346
881.000 22.521102 0.215536
882.000 22.264410 0.215653
883.000 22.270139 0.215734
884.000 21.976325 0.215931
885.000 22.558662 0.216129
886.000 22.534600 0.216401
887.000 22.602747 0.216615
888.000 22.326062 0.216879
889.000 22.569302 0.217068
890.000 22.662667 0.217166
891.000 22.951361 0.217182
892.000 22.920055 0.217100
893.000 22.607899 0.216829
894.000 22.441677 0.216605
895.000 22.557772 0.216251
896.000 22.964232 0.215840
897.000 22.430763 0.215397
898.000 22.686369 0.215135
899.000 22.658999 0.215135
900.000 22.243237 0.215269
901.000 22.313588 0.215410
902.000 22.281951 0.215501
903.000 22.552089 0.215603
904.000 22.566706 0.215741
905.000 23.137219 0.215757
906.000 22.218591 0.215736
907.000 22.243315 0.215839
908.000 22.399388 0.215958
909.000 22.369845 0.216122
910.000 22.562599 0.216302
911.000 22.961702 0.216416
912.000 22.653035 0.216508
913.000 22.812081 0.216625
914.000 22.704097 0.216697
915.000 22.464241 0.216672
916.000 21.572538 0.216450
917.000 22.623960 0.216250
918.000 22.195725 0.216015
919.000 22.492061 0.215637
920.000 22.423369 0.215005
921.000 21.949450 0.214358
922.000 22.206784 0.213891
923.000 22.280151 0.213315
924.000 22.174864 0.212764
925.000 21.736270 0.212317
926.000 22.204191 0.211986
927.000 21.586478 0.211978
928.000 22.128815 0.212108
929.000 21.428191 0.212278
930.000 21.789591 0.212415
931.000 21.792352 0.212635
932.000 21.855070 0.212819
933.000 21.676320 0.213034
934.000 21.939506 0.213457
935.000 21.924472 0.213960
936.000 22.422496 0.214433
937.000 22.312766 0.214800
938.000 22.230978 0.214885
939.000 21.867385 0.214613
940.000 22.049429 0.214211
941.000 22.444794 0.213832
942.000 21.913224 0.213492
943.000 22.094085 0.213173
944.000 21.869367 0.212841
945.000 21.826704 0.212670
946.000 21.587252 0.212452
947.000 21.950407 0.212016
948.000 21.936190 0.211380
949.000 21.803173 0.210738
950.000 21.192486 0.210110
951.000 21.146350 0.209429
952.000 21.064818 0.208741
953.000 20.639812 0.208141
954.000 21.055148 0.207769
955.000 20.553860 0.207604
956.000 21.005705 0.207714
957.000 20.929173 0.208111
958.000 21.308997 0.208693
959.000 21.315370 0.209205
