# date, mag, err_mag
-0.000 19.473082 0.200422
1.000 19.586794 0.199830
2.000 19.185260 0.199246
3.000 19.453861 0.198693
4.000 19.429657 0.198270
5.000 19.108542 0.198107
6.000 19.275572 0.198051
7.000 19.488118 0.198034
8.000 19.099548 0.198057
9.000 19.402543 0.197969
10.000 19.413064 0.197865
11.000 19.494021 0.197737
12.000 19.139584 0.197619
13.000 19.028286 0.197479
14.000 19.281382 0.197431
15.000 19.213455 0.197466
16.000 18.818675 0.197532
17.000 18.783343 0.197574
18.000 19.193485 0.197633
19.000 19.219057 0.197907
20.000 19.482696 0.198262
21.000 19.138338 0.198384
22.000 19.295722 0.198413
23.000 19.157330 0.198390
24.000 19.694790 0.198612
25.000 19.245118 0.199069
26.000 19.634791 0.199579
27.000 20.042476 0.199987
28.000 19.730090 0.200307
29.000 19.692085 0.200691
30.000 19.665983 0.200988
31.000 20.322666 0.201300
32.000 19.825051 0.201574
33.000 20.002924 0.201807
34.000 20.379137 0.202115
35.000 20.169395 0.202606
36.000 20.073366 0.203142
37.000 20.618873 0.203641
38.000 20.492670 0.204056
39.000 20.699360 0.204340
40.000 20.324297 0.204620
41.000 20.459954 0.204805
42.000 20.512704 0.205094
43.000 20.917569 0.205512
44.000 20.997321 0.205866
45.000 21.035233 0.206150
46.000 20.769364 0.206325
47.000 21.121243 0.206395
48.000 20.871794 0.206454
49.000 21.089731 0.206554
50.000 20.735714 0.206843
51.000 20.920164 0.207289
52.000 21.150461 0.207738
53.000 21.236771 0.208099
54.000 21.324792 0.208283
55.000 20.791081 0.208248
56.000 21.031805 0.208222
57.000 21.001558 0.208286
58.000 21.328161 0.208353
59.000 21.491478 0.208309
60.000 21.277559 0.208430
61.000 22.011724 0.208598
62.000 21.209627 0.208638
63.000 21.658054 0.208604
64.000 21.115426 0.208458
65.000 21.803829 0.208469
66.000 21.315530 0.208558
67.000 21.333948 0.208787
68.000 21.863437 0.209136
69.000 21.778652 0.209414
70.000 21.881095 0.209560
71.000 21.523490 0.209486
72.000 21.585353 0.209200
73.000 21.570890 0.208885
74.000 21.362786 0.208618
75.000 21.361664 0.208442
76.000 21.413778 0.208312
77.000 21.006670 0.208250
78.000 21.158185 0.208098
79.000 20.534354 0.208205
80.000 21.242659 0.208606
81.000 21.419467 0.208782
82.000 21.425676 0.208731
83.000 21.529709 0.208685
84.000 21.405383 0.208794
85.000 21.253353 0.209092
86.000 21.479070 0.209361
87.000 21.472833 0.209580
88.000 21.511682 0.209825
89.000 21.880816 0.210049
90.000 21.383696 0.210153
91.000 21.828272 0.210367
92.000 21.930517 0.210626
93.000 21.824172 0.210969
94.000 21.898861 0.211233
95.000 21.964649 0.211330
96.000 22.214560 0.211266
97.000 21.999774 0.211271
98.000 22.261494 0.211258
99.000 21.676055 0.211055
100.000 21.371794 0.210698
101.000 21.597387 0.210408
102.000 21.510004 0.210145
103.000 21.849754 0.210023
104.000 22.014326 0.209986
105.000 21.817678 0.210086
106.000 21.593428 0.210410
107.000 22.032271 0.210694
108.000 21.504718 0.210880
109.000 21.849965 0.210975
110.000 21.622311 0.210892
111.000 22.071414 0.210625
112.000 21.769130 0.210241
113.000 21.675257 0.209732
114.000 21.665436 0.209135
115.000 21.037835 0.208507
116.000 21.278423 0.208020
117.000 21.367522 0.207664
118.000 21.158183 0.207511
119.000 21.162420 0.207334
120.000 20.888607 0.206855
121.000 20.453099 0.206234
122.000 20.743427 0.205584
123.000 20.511874 0.204959
124.000 20.549348 0.204430
125.000 20.345480 0.203898
126.000 20.347258 0.203465
127.000 20.452229 0.203101
128.000 20.207675 0.202808
129.000 20.414358 0.202646
130.000 20.340603 0.202628
131.000 20.038709 0.202600
132.000 20.102693 0.202617
133.000 20.270196 0.202652
134.000 20.192784 0.202787
135.000 20.336633 0.202838
136.000 20.261152 0.202874
137.000 20.122612 0.202933
138.000 20.398235 0.203011
139.000 20.480839 0.203151
140.000 20.159194 0.203357
141.000 20.207309 0.203484
142.000 20.240992 0.203660
143.000 20.628212 0.203973
144.000 20.900426 0.204117
145.000 20.042989 0.204258
146.000 20.364931 0.204363
147.000 20.643941 0.204374
148.000 20.557283 0.204344
149.000 20.627153 0.204297
150.000 20.419129 0.204141
151.000 20.795691 0.204269
152.000 20.714463 0.204569
153.000 20.713042 0.204831
154.000 20.800113 0.205026
155.000 20.858042 0.205093
156.000 20.449035 0.205096
157.000 20.651279 0.205106
158.000 20.633970 0.205010
159.000 20.458909 0.204859
160.000 21.057763 0.204727
161.000 20.191947 0.204478
162.000 20.926279 0.204412
163.000 20.318866 0.204325
164.000 20.791976 0.204135
165.000 20.416751 0.203791
166.000 20.305957 0.203444
167.000 20.045238 0.203077
168.000 20.158733 0.202673
169.000 20.055669 0.202523
170.000 20.225107 0.202449
171.000 19.871605 0.202243
172.000 19.915777 0.201999
173.000 19.459739 0.201888
174.000 19.968633 0.201867
175.000 20.182071 0.201940
176.000 19.847802 0.202095
177.000 20.320617 0.202395
178.000 20.487946 0.202813
179.000 20.206343 0.203079
180.000 20.304905 0.203167
181.000 20.571731 0.203108
182.000 19.968028 0.203023
183.000 20.334191 0.202772
184.000 20.118846 0.202378
185.000 19.960453 0.202046
186.000 19.614096 0.201931
187.000 20.234745 0.202118
188.000 20.145285 0.202359
189.000 20.192688 0.202564
190.000 20.212766 0.202896
191.000 20.285117 0.203185
192.000 20.081875 0.203401
193.000 20.183767 0.203465
194.000 20.435273 0.203355
195.000 20.221233 0.203254
196.000 20.224664 0.203084
197.000 20.220604 0.203054
198.000 20.406333 0.203094
199.000 20.486953 0.203119
200.000 20.269651 0.203255
201.000 20.813476 0.203445
202.000 20.598666 0.203498
203.000 20.325663 0.203578
204.000 20.462371 0.203583
205.000 20.308856 0.203641
206.000 20.370993 0.203723
207.000 20.684574 0.203847
208.000 20.522829 0.203856
209.000 20.425849 0.203764
210.000 20.637230 0.203624
211.000 20.177140 0.203433
212.000 20.301203 0.203200
213.000 20.623874 0.202913
214.000 20.040458 0.202436
215.000 19.762217 0.201954
216.000 20.222109 0.201573
217.000 19.697318 0.201357
218.000 19.995398 0.201057
219.000 19.550438 0.200566
220.000 19.639342 0.200061
221.000 19.441187 0.199707
222.000 19.627858 0.199586
223.000 20.030281 0.199549
224.000 19.535030 0.199638
225.000 19.505288 0.199580
226.000 19.484160 0.199331
227.000 19.565396 0.199076
228.000 19.790781 0.198872
229.000 19.427757 0.198540
230.000 19.121736 0.198243
231.000 19.540817 0.198217
232.000 18.980211 0.198383
233.000 19.205949 0.198611
234.000 19.345179 0.198975
235.000 19.713554 0.199366
236.000 19.481503 0.199723
237.000 19.572186 0.199857
238.000 19.781014 0.200023
239.000 19.794097 0.200238
360.000 21.267441 0.206828
361.000 21.045920 0.206556
362.000 20.595671 0.206283
363.000 20.782695 0.206193
364.000 20.684267 0.205985
365.000 20.900309 0.205641
366.000 20.665228 0.205330
367.000 20.716701 0.204922
368.000 20.400778 0.204445
369.000 20.138812 0.203940
370.000 20.556683 0.203274
371.000 19.820462 0.202562
372.000 20.324585 0.201761
373.000 19.944394 0.200951
374.000 20.093847 0.200468
375.000 19.812233 0.200225
376.000 19.789978 0.199941
377.000 19.861694 0.199652
378.000 19.661304 0.199530
379.000 19.279644 0.199591
380.000 19.479965 0.199747
381.000 19.424608 0.199918
382.000 19.403789 0.200327
383.000 20.020660 0.200958
384.000 20.047986 0.201676
385.000 20.056164 0.202521
386.000 20.456206 0.203308
387.000 20.107213 0.203986
388.000 20.780197 0.204544
389.000 20.679791 0.205051
390.000 20.555328 0.205632
391.000 21.331515 0.206334
392.000 21.040886 0.207088
393.000 20.935326 0.207703
394.000 21.118198 0.208191
395.000 21.178051 0.208348
396.000 21.346054 0.208407
397.000 21.585928 0.208478
398.000 21.632689 0.208615
399.000 21.231884 0.208785
400.000 21.443247 0.208848
401.000 21.256825 0.208684
402.000 21.115762 0.208301
403.000 21.241468 0.207758
404.000 21.156393 0.207102
405.000 21.007186 0.206407
406.000 21.009845 0.205810
407.000 20.942829 0.205407
408.000 20.687308 0.205211
409.000 20.776042 0.205190
410.000 20.975307 0.205147
411.000 20.925404 0.205122
412.000 20.815751 0.205094
413.000 20.800519 0.205077
414.000 20.736705 0.205064
415.000 20.867172 0.205056
416.000 20.727904 0.205122
417.000 20.795844 0.205272
418.000 20.519567 0.205493
419.000 20.598498 0.205866
420.000 20.921022 0.206196
421.000 20.896265 0.206428
422.000 21.148333 0.206577
423.000 21.140756 0.206711
424.000 21.159040 0.206715
425.000 20.903000 0.206404
426.000 20.299918 0.205911
427.000 20.933560 0.205398
428.000 20.819201 0.205052
429.000 20.913006 0.204860
430.000 20.697743 0.204710
431.000 20.516922 0.204541
432.000 20.220852 0.204373
433.000 20.715089 0.204167
434.000 20.828861 0.203965
435.000 20.243789 0.203704
436.000 20.607670 0.203478
437.000 20.570947 0.203336
438.000 20.250442 0.203274
439.000 20.393008 0.203141
440.000 20.322597 0.202802
441.000 20.128422 0.202165
442.000 19.864688 0.201296
443.000 19.515612 0.200445
444.000 19.496282 0.199603
445.000 19.135562 0.198817
446.000 18.917800 0.198244
447.000 18.917612 0.197985
448.000 18.936260 0.197853
449.000 19.186249 0.197935
450.000 18.729211 0.198064
451.000 19.231535 0.198077
452.000 19.444868 0.198023
453.000 19.254969 0.197814
454.000 19.338997 0.197502
455.000 18.932497 0.197171
456.000 18.941994 0.197066
457.000 18.701150 0.197050
458.000 19.348484 0.197198
459.000 19.348810 0.197494
460.000 19.373867 0.197600
461.000 18.808232 0.197607
462.000 19.208867 0.197534
463.000 19.245228 0.197450
464.000 18.880845 0.197405
465.000 19.223219 0.197487
466.000 19.183653 0.197584
467.000 19.163364 0.197784
468.000 19.263732 0.198022
469.000 19.674759 0.198317
470.000 19.515726 0.198628
471.000 19.344174 0.198919
472.000 19.603343 0.199175
473.000 19.511925 0.199267
474.000 19.589025 0.198963
475.000 19.329004 0.198354
476.000 19.150984 0.197564
477.000 19.248529 0.196722
478.000 18.788189 0.195978
479.000 18.962147 0.195481
480.000 18.959379 0.195259
481.000 18.694621 0.195051
482.000 18.659974 0.194892
483.000 18.628442 0.194714
484.000 18.570515 0.194646
485.000 18.875700 0.194544
486.000 18.613686 0.194544
487.000 18.526279 0.194537
488.000 18.665737 0.194465
489.000 18.545709 0.194549
490.000 18.723645 0.194830
491.000 18.825381 0.195216
492.000 18.838074 0.195421
493.000 18.885904 0.195566
494.000 18.650424 0.195514
495.000 18.683921 0.195308
496.000 18.894818 0.194995
497.000 18.621635 0.194705
498.000 18.588937 0.194475
499.000 18.523644 0.194266
500.000 18.577864 0.194062
501.000 18.259570 0.193920
502.000 18.400827 0.193825
503.000 18.326584 0.193890
504.000 18.734545 0.194127
505.000 18.710177 0.194191
506.000 18.670385 0.194221
507.000 18.234785 0.194283
508.000 18.328614 0.194309
509.000 18.585419 0.194262
510.000 18.691099 0.194119
511.000 18.412726 0.193930
512.000 18.620779 0.193626
513.000 18.215340 0.193122
514.000 18.409333 0.192597
515.000 18.128162 0.192171
516.000 18.236012 0.191973
517.000 18.225419 0.191883
518.000 18.129915 0.191891
519.000 18.184204 0.191774
520.000 18.505840 0.191592
521.000 18.079948 0.191389
522.000 18.023781 0.191398
523.000 18.147446 0.191564
524.000 17.949755 0.191875
525.000 18.072604 0.192416
526.000 18.366430 0.192978
527.000 18.296324 0.193389
528.000 18.556127 0.193624
529.000 18.593570 0.193775
530.000 18.404061 0.193942
531.000 18.335770 0.193998
532.000 18.533029 0.193905
533.000 18.154966 0.193544
534.000 18.148470 0.193124
535.000 18.274859 0.192530
536.000 17.993290 0.191829
537.000 18.020989 0.191227
538.000 17.567698 0.190789
539.000 17.792417 0.190504
540.000 17.856400 0.190442
541.000 17.657993 0.190405
542.000 17.611514 0.190284
543.000 17.647036 0.190075
544.000 17.808781 0.189961
545.000 17.603038 0.189804
546.000 17.898040 0.189831
547.000 17.879078 0.190087
548.000 17.894913 0.190403
549.000 17.932727 0.190607
550.000 18.034104 0.190835
551.000 17.853410 0.190934
552.000 18.049731 0.191157
553.000 17.888641 0.191494
554.000 18.135297 0.191948
555.000 18.156408 0.192448
556.000 18.355258 0.193108
557.000 18.664656 0.193685
558.000 18.562177 0.194455
559.000 18.778599 0.195301
560.000 19.079286 0.196121
561.000 18.772298 0.196884
562.000 19.216519 0.197476
563.000 19.195373 0.198057
564.000 19.125341 0.198631
565.000 19.718919 0.199324
566.000 19.762945 0.200063
567.000 19.983583 0.200641
568.000 19.948104 0.201239
569.000 20.099074 0.201888
570.000 20.351187 0.202565
571.000 20.231635 0.203244
572.000 20.235496 0.203804
573.000 20.533389 0.204345
574.000 20.401131 0.204860
575.000 20.788957 0.205415
576.000 20.556531 0.206013
577.000 21.213995 0.206638
578.000 21.087692 0.207191
579.000 21.093050 0.207551
580.000 21.271511 0.207794
581.000 21.231393 0.207747
582.000 21.565190 0.207581
583.000 21.397710 0.207299
584.000 21.006413 0.207067
585.000 21.008549 0.206991
586.000 20.520749 0.206977
587.000 21.104318 0.207020
588.000 21.117134 0.207176
589.000 20.796856 0.207390
590.000 20.997494 0.207367
591.000 21.013906 0.207187
592.000 20.907848 0.206987
593.000 21.037330 0.206725
594.000 21.429398 0.206412
595.000 20.873976 0.205922
596.000 20.669137 0.205193
597.000 20.848351 0.204525
598.000 20.127887 0.203932
599.000 20.423890 0.203271
720.000 17.495663 0.188589
721.000 17.669435 0.188356
722.000 17.275761 0.188349
723.000 17.640752 0.188388
724.000 17.505212 0.188433
725.000 17.999236 0.188563
726.000 17.562976 0.188580
727.000 17.186283 0.188591
728.000 17.407925 0.188424
729.000 17.453811 0.188324
730.000 17.148375 0.188266
731.000 17.392971 0.188189
732.000 16.812188 0.188055
733.000 17.670894 0.187968
734.000 17.227989 0.188011
735.000 17.179909 0.187948
736.000 17.181919 0.187662
737.000 17.263737 0.187291
738.000 16.899229 0.187032
739.000 17.250873 0.186700
740.000 16.912983 0.186345
741.000 16.720493 0.186115
742.000 16.909994 0.186019
743.000 17.031548 0.186130
744.000 17.051306 0.186378
745.000 17.110933 0.186593
746.000 16.822995 0.186606
747.000 17.138814 0.186581
748.000 17.030295 0.186689
749.000 17.243885 0.186837
750.000 17.487436 0.187067
751.000 17.201641 0.187614
752.000 17.389106 0.188379
753.000 17.466198 0.188983
754.000 17.271328 0.189337
755.000 17.600205 0.189661
756.000 17.508516 0.189915
757.000 18.233535 0.190107
758.000 17.740364 0.190240
759.000 17.954007 0.190515
760.000 17.906265 0.190808
761.000 17.720657 0.191245
762.000 18.119550 0.191737
763.000 17.991386 0.191979
764.000 18.132769 0.192031
765.000 18.081424 0.191999
766.000 18.110864 0.191774
767.000 17.969469 0.191651
768.000 17.884271 0.191563
769.000 18.048298 0.191549
770.000 17.995622 0.191713
771.000 18.231888 0.192018
772.000 18.170840 0.192107
773.000 17.954274 0.192227
774.000 17.855097 0.192429
775.000 18.296752 0.192730
776.000 17.967358 0.193196
777.000 18.456174 0.193698
778.000 18.254350 0.194145
779.000 18.305403 0.194338
780.000 19.017692 0.194236
781.000 18.444319 0.194048
782.000 18.613969 0.193711
783.000 18.241284 0.193385
784.000 18.275964 0.193313
785.000 18.312674 0.193187
786.000 18.122392 0.192864
787.000 18.459389 0.192399
788.000 17.982534 0.191918
789.000 17.988080 0.191434
790.000 18.137344 0.191045
791.000 17.695852 0.190743
792.000 18.017651 0.190663
793.000 17.691788 0.190735
794.000 18.018957 0.190855
795.000 17.683898 0.191046
796.000 17.968966 0.191510
797.000 17.845539 0.192020
798.000 18.149056 0.192417
799.000 18.396177 0.192776
800.000 18.306274 0.193249
801.000 18.505854 0.193725
802.000 18.677385 0.194125
803.000 18.646555 0.194517
804.000 18.600114 0.195157
805.000 18.848762 0.195961
806.000 18.843368 0.196779
807.000 19.226780 0.197582
808.000 19.133154 0.198242
809.000 19.685386 0.198798
810.000 19.369184 0.199375
811.000 19.266784 0.200131
812.000 19.947889 0.201170
813.000 19.988447 0.202323
814.000 20.515593 0.203465
815.000 20.750938 0.204685
816.000 20.689833 0.205942
817.000 20.858033 0.207041
818.000 21.371020 0.208002
819.000 21.757173 0.208867
820.000 21.531474 0.209457
821.000 21.641059 0.209943
822.000 21.562700 0.210267
823.000 22.042035 0.210389
824.000 21.664424 0.210403
825.000 21.761851 0.210339
826.000 21.757852 0.210252
827.000 21.985695 0.210142
828.000 21.582279 0.209894
829.000 21.709730 0.209549
830.000 21.554271 0.208891
831.000 21.579575 0.207987
832.000 21.149714 0.207048
833.000 21.194842 0.206032
834.000 20.841434 0.205139
835.000 20.453127 0.204510
836.000 20.516028 0.203959
837.000 20.411055 0.203428
838.000 20.142892 0.202937
839.000 20.441478 0.202307
840.000 20.038732 0.201538
841.000 19.727715 0.200691
842.000 19.543224 0.199946
843.000 19.405436 0.199298
844.000 19.390767 0.198875
845.000 18.903345 0.198600
846.000 19.137805 0.198474
847.000 19.356751 0.198571
848.000 18.884624 0.198944
849.000 19.882164 0.199516
850.000 19.568595 0.200271
851.000 19.891424 0.200895
852.000 19.908309 0.201358
853.000 20.066696 0.201693
854.000 20.087895 0.201894
855.000 19.989830 0.202087
856.000 20.141140 0.202369
857.000 20.183330 0.202773
858.000 20.257912 0.202916
859.000 20.309979 0.202946
860.000 20.268626 0.202816
861.000 20.496665 0.202631
862.000 20.312019 0.202520
863.000 20.002177 0.202404
864.000 20.015110 0.202172
865.000 19.796993 0.202029
866.000 19.852492 0.202007
867.000 20.038928 0.202059
868.000 20.191353 0.202059
869.000 19.941510 0.201983
870.000 20.189953 0.201794
871.000 19.904220 0.201498
872.000 19.468382 0.201248
873.000 19.325127 0.201049
874.000 19.863852 0.200885
875.000 20.025539 0.200690
876.000 20.065434 0.200391
877.000 19.613425 0.199960
878.000 19.515317 0.199363
879.000 19.321803 0.198788
880.000 19.156178 0.198299
881.000 19.137663 0.197614
882.000 18.807748 0.196919
883.000 19.034609 0.196172
884.000 18.905839 0.195261
885.000 18.204982 0.194297
886.000 18.588408 0.193460
887.000 18.216809 0.192601
888.000 18.102070 0.191870
889.000 17.979695 0.191343
890.000 18.068623 0.191038
891.000 17.923643 0.190636
892.000 17.500258 0.190024
893.000 17.580322 0.189240
894.000 17.482967 0.188511
895.000 17.021383 0.187779
896.000 17.106300 0.187113
897.000 16.812717 0.186625
898.000 16.924323 0.186195
899.000 17.126574 0.186035
900.000 17.101332 0.186171
901.000 16.805697 0.186298
902.000 16.953479 0.186354
903.000 16.743345 0.186288
904.000 17.195458 0.186339
905.000 16.776010 0.186567
906.000 16.982231 0.186837
907.000 17.334857 0.187163
908.000 17.080379 0.187422
909.000 17.551565 0.187770
910.000 16.924162 0.188252
911.000 17.606525 0.188745
912.000 17.849490 0.189277
913.000 17.949398 0.189838
914.000 17.690168 0.190385
915.000 17.851067 0.190806
916.000 18.062204 0.190853
917.000 17.965783 0.190795
918.000 17.651209 0.190726
919.000 17.960050 0.190707
920.000 18.126757 0.190819
921.000 18.318793 0.190978
922.000 18.158389 0.191215
923.000 17.871754 0.191653
924.000 18.382436 0.192175
925.000 18.575844 0.192773
926.000 18.497254 0.193322
927.000 18.246707 0.193816
928.000 18.629682 0.194334
929.000 18.706394 0.194894
930.000 18.981170 0.195302
931.000 18.286108 0.195421
932.000 18.940382 0.195451
933.000 18.490306 0.195340
934.000 18.739315 0.195193
935.000 18.683477 0.194995
936.000 18.735370 0.194804
937.000 18.651225 0.194728
938.000 18.745137 0.194580
939.000 18.691511 0.194407
940.000 18.892667 0.194246
941.000 18.665312 0.194165
942.000 18.387950 0.194014
943.000 18.579044 0.193844
944.000 18.741949 0.193719
945.000 18.405173 0.193525
946.000 18.419273 0.193420
947.000 18.547483 0.193661
948.000 18.557439 0.193802
949.000 18.148001 0.193879
950.000 18.279238 0.193827
951.000 17.970106 0.193768
952.000 18.325262 0.193674
953.000 18.485436 0.193740
954.000 18.637802 0.193910
955.000 18.249183 0.194216
956.000 18.705105 0.194666
957.000 18.666498 0.195198
958.000 18.887476 0.195798
959.000 18.786291 0.196466
