# date, mag, err_mag
-0.000 21.148393 0.205092
1.000 20.940822 0.204899
2.000 20.401771 0.204692
3.000 20.660084 0.204514
4.000 20.558775 0.204298
5.000 20.946406 0.204165
6.000 20.703757 0.204194
7.000 20.442480 0.204406
8.000 20.658778 0.204691
9.000 20.700902 0.204785
10.000 20.651285 0.204678
11.000 20.244698 0.204638
12.000 20.454058 0.204645
13.000 21.109137 0.204763
14.000 20.430716 0.204977
15.000 20.599801 0.205390
16.000 21.143775 0.205874
17.000 20.782656 0.206500
18.000 20.942899 0.207174
19.000 21.235799 0.207683
20.000 21.864935 0.208295
21.000 21.323327 0.208930
22.000 21.957585 0.209552
23.000 21.800651 0.209936
24.000 21.621129 0.210002
25.000 21.404695 0.210128
26.000 21.513895 0.210433
27.000 22.076679 0.210761
28.000 21.907004 0.210920
29.000 21.845865 0.210814
30.000 21.883448 0.210510
31.000 21.610193 0.210408
32.000 21.657500 0.210441
33.000 21.789418 0.210525
34.000 21.910258 0.210518
35.000 21.962810 0.210567
36.000 22.350468 0.210551
37.000 21.963185 0.210392
38.000 21.290200 0.210376
39.000 21.841615 0.210446
40.000 21.845357 0.210679
41.000 21.808851 0.211040
42.000 21.655639 0.211320
43.000 22.267802 0.211490
44.000 21.712405 0.211436
45.000 22.035939 0.211497
46.000 21.879266 0.211573
47.000 21.604597 0.211772
48.000 22.347942 0.211885
49.000 22.051992 0.211818
50.000 22.165409 0.211712
51.000 22.078932 0.211496
52.000 21.855206 0.211291
53.000 21.972601 0.211365
54.000 22.136169 0.211584
55.000 22.184321 0.211651
56.000 22.095505 0.211763
57.000 22.370244 0.211979
58.000 21.813202 0.212017
59.000 22.368483 0.212185
60.000 22.044442 0.212211
61.000 22.465348 0.212242
62.000 22.244165 0.212417
63.000 22.433002 0.212567
64.000 22.051208 0.212724
65.000 22.512326 0.212909
66.000 22.158919 0.213136
67.000 22.555148 0.213190
68.000 22.569566 0.213049
69.000 22.208173 0.212896
70.000 22.443796 0.212670
71.000 22.085169 0.212361
72.000 22.262195 0.212061
73.000 22.369643 0.211858
74.000 21.847284 0.211615
75.000 21.752710 0.211233
76.000 21.910176 0.210906
77.000 21.804040 0.210734
78.000 21.863298 0.210513
79.000 22.034453 0.210295
80.000 21.544631 0.209995
81.000 21.790091 0.209717
82.000 21.795212 0.209486
83.000 22.015107 0.209333
84.000 21.626966 0.209384
85.000 21.511555 0.209568
86.000 21.704154 0.209798
87.000 21.580783 0.210132
88.000 21.655369 0.210268
89.000 21.764711 0.210276
90.000 21.675156 0.210250
91.000 22.001871 0.210217
92.000 22.099711 0.210313
93.000 21.482158 0.210471
94.000 21.750120 0.210638
95.000 21.912161 0.211001
96.000 22.362546 0.211498
97.000 21.839566 0.211843
98.000 22.094760 0.212151
99.000 22.416544 0.212517
100.000 22.196137 0.212720
101.000 22.152577 0.212551
102.000 22.419862 0.212365
103.000 22.011461 0.212205
104.000 22.332308 0.212006
105.000 21.972923 0.211904
106.000 22.235859 0.211846
107.000 22.332690 0.211849
108.000 22.360586 0.211956
109.000 22.050959 0.211835
110.000 22.019190 0.211465
111.000 21.940657 0.211212
112.000 22.056497 0.210996
113.000 21.833593 0.210602
114.000 21.938772 0.210288
115.000 21.986167 0.210286
116.000 22.052350 0.210525
117.000 21.964652 0.210791
118.000 21.936205 0.210911
119.000 22.232533 0.210955
120.000 21.879942 0.210862
121.000 21.939380 0.210698
122.000 21.585633 0.210485
123.000 21.885996 0.210409
124.000 21.935460 0.210410
125.000 21.645388 0.210382
126.000 22.000624 0.210484
127.000 21.361903 0.210518
128.000 21.408819 0.210263
129.000 21.614133 0.209768
130.000 21.646690 0.209213
131.000 21.813250 0.208620
132.000 21.014678 0.208086
133.000 21.552770 0.207783
134.000 21.411272 0.207632
135.000 21.657632 0.207665
136.000 20.807992 0.207697
137.000 20.918303 0.207621
138.000 20.878749 0.207530
139.000 21.411384 0.207611
140.000 21.374989 0.207669
141.000 21.028763 0.207745
142.000 21.377054 0.207981
143.000 21.434215 0.208186
144.000 21.355841 0.208207
145.000 21.374165 0.208296
146.000 21.245178 0.208255
147.000 21.112344 0.208261
148.000 21.165863 0.208108
149.000 21.739743 0.207794
150.000 21.356660 0.207518
151.000 21.213176 0.207347
152.000 21.370662 0.207303
153.000 21.435541 0.207667
154.000 21.182781 0.208035
155.000 21.188284 0.208379
156.000 21.541996 0.208548
157.000 21.258757 0.208762
158.000 21.275142 0.208888
159.000 21.715983 0.208882
160.000 21.336479 0.209184
161.000 21.668564 0.209815
162.000 21.884435 0.210451
163.000 22.119911 0.211112
164.000 21.970614 0.211765
165.000 22.061447 0.212134
166.000 22.289581 0.212232
167.000 22.029666 0.212194
168.000 22.075866 0.211845
169.000 21.818791 0.211395
170.000 21.826512 0.210841
171.000 21.861847 0.210336
172.000 21.933722 0.209808
173.000 21.491369 0.209597
174.000 21.948197 0.209391
175.000 21.475449 0.208948
176.000 21.332830 0.208289
177.000 21.401049 0.207604
178.000 21.146369 0.207036
179.000 21.098013 0.206615
180.000 20.753519 0.206457
181.000 20.857502 0.206350
182.000 20.866536 0.206157
183.000 20.782354 0.205666
184.000 20.860267 0.205101
185.000 20.612797 0.204477
186.000 20.121519 0.203719
187.000 19.923626 0.202907
188.000 19.932959 0.201835
189.000 19.787457 0.200796
190.000 19.679670 0.200074
191.000 19.484489 0.199570
192.000 19.817418 0.199267
193.000 19.471226 0.199073
194.000 19.748554 0.199197
195.000 19.891916 0.199610
196.000 19.737754 0.200076
197.000 19.761275 0.200602
198.000 19.901168 0.201157
199.000 19.948848 0.201483
200.000 20.090138 0.201846
201.000 20.076845 0.202282
202.000 20.501439 0.202869
203.000 20.326565 0.203565
204.000 20.412260 0.204235
205.000 20.917501 0.204923
206.000 20.614741 0.205777
207.000 20.821508 0.206725
208.000 21.267790 0.207565
209.000 21.275567 0.208317
210.000 21.515858 0.208801
211.000 21.820306 0.209114
212.000 21.811351 0.209224
213.000 21.427812 0.209162
214.000 21.368371 0.209013
215.000 21.568760 0.208945
216.000 21.790683 0.208880
217.000 21.340267 0.208754
218.000 21.329669 0.208722
219.000 21.192647 0.208582
220.000 21.295305 0.208189
221.000 21.317120 0.207816
222.000 20.866296 0.207421
223.000 21.025915 0.206891
224.000 20.866267 0.206319
225.000 20.962129 0.205943
226.000 20.781152 0.205776
227.000 20.726489 0.205839
228.000 21.001871 0.206131
229.000 20.899710 0.206568
230.000 21.022163 0.207187
231.000 21.131679 0.207761
232.000 21.140249 0.208445
233.000 21.473362 0.209100
234.000 21.385294 0.209822
235.000 21.817381 0.210347
236.000 22.077949 0.210661
237.000 22.205569 0.210793
238.000 21.563873 0.210907
239.000 21.850718 0.210794
360.000 19.335282 0.198264
361.000 19.489288 0.198923
362.000 19.523619 0.199789
363.000 19.719385 0.200382
364.000 19.826263 0.200730
365.000 19.681994 0.201090
366.000 20.157735 0.201581
367.000 20.019378 0.202136
368.000 20.258335 0.202442
369.000 20.571395 0.202653
370.000 20.451776 0.203012
371.000 20.666369 0.203109
372.000 20.161415 0.203046
373.000 20.488388 0.202859
374.000 20.295191 0.202378
375.000 19.915453 0.201695
376.000 19.733379 0.200837
377.000 19.779802 0.199945
378.000 19.695355 0.199216
379.000 19.370807 0.198629
380.000 19.276832 0.198017
381.000 19.661704 0.197253
382.000 18.855062 0.196572
383.000 18.652315 0.195942
384.000 19.309214 0.195416
385.000 18.554488 0.195099
386.000 18.647345 0.194937
387.000 18.636169 0.194725
388.000 18.967865 0.194604
389.000 18.785288 0.194713
390.000 18.793732 0.195187
391.000 19.152820 0.195760
392.000 18.850365 0.196370
393.000 18.971036 0.196817
394.000 19.310746 0.197223
395.000 19.202668 0.197521
396.000 18.888834 0.197875
397.000 19.488669 0.198396
398.000 19.445172 0.198789
399.000 19.770060 0.199206
400.000 19.575568 0.199375
401.000 19.325557 0.199567
402.000 19.811817 0.199822
403.000 19.690024 0.200034
404.000 19.708661 0.200146
405.000 19.721123 0.200079
406.000 19.914267 0.199990
407.000 19.675401 0.199876
408.000 19.729833 0.199576
409.000 19.563335 0.199359
410.000 19.657505 0.199275
411.000 19.506863 0.199420
412.000 19.338160 0.199691
413.000 19.743626 0.200034
414.000 19.871008 0.200446
415.000 19.621939 0.200749
416.000 19.789486 0.200730
417.000 19.729043 0.200483
418.000 19.494034 0.200300
419.000 19.296999 0.200206
420.000 19.924715 0.200124
421.000 19.832266 0.199982
422.000 19.755074 0.199887
423.000 19.389883 0.199826
424.000 19.756404 0.199751
425.000 19.977203 0.199903
426.000 19.708036 0.200061
427.000 19.834204 0.200215
428.000 19.710655 0.200145
429.000 19.676313 0.200023
430.000 19.467468 0.199876
431.000 19.256856 0.199561
432.000 19.614446 0.199025
433.000 19.073771 0.198183
434.000 19.462920 0.197366
435.000 19.056028 0.196452
436.000 18.777071 0.195548
437.000 18.956360 0.194690
438.000 18.747738 0.194022
439.000 18.168960 0.193302
440.000 18.154917 0.192762
441.000 18.332764 0.192304
442.000 18.011554 0.192034
443.000 18.565465 0.191945
444.000 18.312604 0.192325
445.000 18.488462 0.193031
446.000 18.286956 0.193969
447.000 18.446460 0.195014
448.000 18.919357 0.196006
449.000 18.726300 0.196785
450.000 19.107393 0.197260
451.000 19.012079 0.197668
452.000 19.590004 0.197961
453.000 19.690453 0.198368
454.000 19.393355 0.198880
455.000 19.579435 0.199379
456.000 19.620818 0.199789
457.000 19.723260 0.200155
458.000 19.469912 0.200453
459.000 19.438170 0.200634
460.000 19.618451 0.200487
461.000 19.670948 0.200292
462.000 19.850729 0.200242
463.000 19.448157 0.200302
464.000 19.633059 0.200322
465.000 19.530589 0.200276
466.000 19.673994 0.200332
467.000 20.030260 0.200538
468.000 19.720877 0.201160
469.000 20.107580 0.202083
470.000 20.393114 0.203117
471.000 20.628630 0.203979
472.000 20.452758 0.204748
473.000 20.504267 0.205415
474.000 21.018941 0.206120
475.000 21.186113 0.206483
476.000 21.011187 0.206725
477.000 21.099494 0.207107
478.000 20.935252 0.207556
479.000 21.417437 0.208057
480.000 21.465856 0.208436
481.000 21.496943 0.208615
482.000 21.093963 0.208689
483.000 21.490426 0.208769
484.000 21.449606 0.208976
485.000 21.327214 0.209101
486.000 21.683083 0.209239
487.000 21.698620 0.209361
488.000 21.714562 0.209518
489.000 21.427230 0.209655
490.000 21.576636 0.209743
491.000 21.698510 0.209729
492.000 21.592473 0.209546
493.000 21.258403 0.209090
494.000 21.127364 0.208436
495.000 21.350177 0.207855
496.000 21.230886 0.207473
497.000 21.286340 0.207321
498.000 21.062684 0.207035
499.000 20.955241 0.206457
500.000 20.978214 0.205585
501.000 20.514730 0.204558
502.000 20.609585 0.203703
503.000 20.055738 0.203128
504.000 20.238311 0.202493
505.000 19.939246 0.202106
506.000 19.813112 0.202048
507.000 20.134224 0.201890
508.000 19.902609 0.201779
509.000 19.737673 0.201875
510.000 20.217004 0.202072
511.000 20.252379 0.202162
512.000 20.262123 0.202301
513.000 20.287166 0.202712
514.000 20.188640 0.203309
515.000 20.338186 0.203799
516.000 20.828773 0.204374
517.000 20.758171 0.205141
518.000 20.863948 0.205845
519.000 21.237332 0.206320
520.000 21.072969 0.206530
521.000 21.156289 0.206518
522.000 20.478799 0.206359
523.000 20.681496 0.206131
524.000 20.427471 0.205918
525.000 20.766921 0.205631
526.000 20.878172 0.205576
527.000 20.591981 0.205746
528.000 20.978556 0.206153
529.000 21.101834 0.206679
530.000 20.994714 0.207411
531.000 21.315233 0.208052
532.000 20.971567 0.208299
533.000 21.497531 0.208412
534.000 21.450633 0.208525
535.000 21.521131 0.208612
536.000 21.418496 0.208810
537.000 21.366139 0.209080
538.000 21.310016 0.209346
539.000 21.760188 0.209598
540.000 21.774697 0.209755
541.000 21.510017 0.209702
542.000 21.560863 0.209487
543.000 21.656716 0.209267
544.000 21.725290 0.209010
545.000 21.294758 0.208733
546.000 21.617077 0.208621
547.000 21.399360 0.208654
548.000 21.148965 0.208776
549.000 21.363210 0.208948
550.000 21.240660 0.209128
551.000 21.254891 0.209117
552.000 21.163412 0.208769
553.000 21.612389 0.208426
554.000 21.441063 0.208194
555.000 21.081771 0.207801
556.000 21.087254 0.207289
557.000 20.702585 0.206776
558.000 20.975118 0.206363
559.000 20.941927 0.205963
560.000 21.322127 0.205755
561.000 21.028887 0.205823
562.000 20.483152 0.206014
563.000 20.922896 0.206228
564.000 20.778007 0.206593
565.000 21.211846 0.207061
566.000 20.891894 0.207645
567.000 21.487590 0.208274
568.000 21.524447 0.208863
569.000 21.562754 0.209161
570.000 21.456072 0.209227
571.000 21.123013 0.209256
572.000 21.806581 0.209272
573.000 22.074597 0.209196
574.000 21.604908 0.209165
575.000 21.551081 0.209128
576.000 21.354942 0.209170
577.000 21.316369 0.208991
578.000 21.431186 0.208630
579.000 21.755197 0.208245
580.000 21.188354 0.207901
581.000 21.096292 0.207475
582.000 21.299545 0.207235
583.000 20.934553 0.207043
584.000 20.919316 0.206787
585.000 21.192668 0.206499
586.000 20.600690 0.206134
587.000 20.923467 0.205700
588.000 20.921156 0.205201
589.000 20.842659 0.204620
590.000 20.398211 0.203934
591.000 20.161414 0.203334
592.000 20.331747 0.202872
593.000 20.467625 0.202513
594.000 20.050132 0.202453
595.000 20.427494 0.202379
596.000 19.887293 0.202417
597.000 20.028918 0.202411
598.000 20.163311 0.202249
599.000 19.901397 0.201905
720.000 19.840817 0.200643
721.000 19.384723 0.200352
722.000 19.937775 0.199887
723.000 19.585203 0.199115
724.000 19.366965 0.198147
725.000 18.878343 0.197354
726.000 18.713041 0.196659
727.000 19.076196 0.196084
728.000 18.493901 0.195641
729.000 18.923505 0.195385
730.000 18.858458 0.195318
731.000 18.602636 0.195440
732.000 18.853459 0.195502
733.000 18.734367 0.195665
734.000 19.015777 0.195879
735.000 18.873604 0.196144
736.000 19.325563 0.196365
737.000 18.841356 0.196629
738.000 18.793408 0.196963
739.000 19.430551 0.197387
740.000 19.065507 0.197853
741.000 19.204323 0.198533
742.000 19.473590 0.199198
743.000 19.628452 0.199551
744.000 19.511984 0.199779
745.000 19.444937 0.200133
746.000 19.856032 0.200375
747.000 19.850979 0.200645
748.000 19.793919 0.201066
749.000 19.696745 0.201620
750.000 19.715224 0.202442
751.000 20.510964 0.203526
752.000 20.803098 0.204723
753.000 20.998064 0.205655
754.000 20.773973 0.206555
755.000 21.445946 0.207134
756.000 21.022498 0.207447
757.000 21.053704 0.207490
758.000 21.082986 0.207240
759.000 21.162151 0.206978
760.000 21.047342 0.206832
761.000 21.020795 0.206679
762.000 20.884895 0.206390
763.000 20.733034 0.206185
764.000 21.067360 0.206145
765.000 20.947360 0.206202
766.000 20.818733 0.206307
767.000 20.913096 0.206573
768.000 20.809925 0.207009
769.000 21.667825 0.207746
770.000 21.588163 0.208558
771.000 21.657097 0.209237
772.000 21.384612 0.209847
773.000 22.099162 0.210433
774.000 21.936611 0.211022
775.000 22.025710 0.211495
776.000 22.314300 0.211961
777.000 22.335099 0.212604
778.000 22.195864 0.213359
779.000 22.784044 0.213962
780.000 22.859214 0.214596
781.000 22.695753 0.215132
782.000 22.518029 0.215552
783.000 22.724048 0.216000
784.000 23.239036 0.216417
785.000 22.924623 0.216747
786.000 22.986941 0.217015
787.000 22.994099 0.217158
788.000 22.939968 0.217297
789.000 23.332283 0.217286
790.000 23.750249 0.217181
791.000 23.110346 0.217293
792.000 23.589418 0.217479
793.000 23.659833 0.217800
794.000 23.597217 0.217984
795.000 23.413368 0.218081
796.000 23.642265 0.218121
797.000 23.378738 0.218071
798.000 23.852920 0.217828
799.000 23.235446 0.217230
800.000 22.584290 0.216410
801.000 22.369154 0.215490
802.000 22.419229 0.214376
803.000 22.450745 0.213286
804.000 22.088679 0.212563
805.000 22.527761 0.212193
806.000 22.123022 0.212031
807.000 22.384207 0.212186
808.000 21.807186 0.212582
809.000 22.694077 0.213054
810.000 22.742280 0.213487
811.000 22.292748 0.213963
812.000 22.707706 0.214369
813.000 22.774521 0.214777
814.000 22.661673 0.215202
815.000 22.869129 0.215470
816.000 22.958429 0.215563
817.000 23.012059 0.215563
818.000 23.261447 0.215526
819.000 23.425979 0.215584
820.000 22.857123 0.215725
821.000 22.594657 0.215956
822.000 23.076041 0.216175
823.000 23.091636 0.216189
824.000 22.910049 0.216144
825.000 22.834849 0.216055
826.000 22.932857 0.215893
827.000 22.928246 0.215935
828.000 22.920306 0.215962
829.000 22.973645 0.215644
830.000 22.511974 0.215333
831.000 22.576003 0.214997
832.000 22.283827 0.214649
833.000 22.949337 0.214374
834.000 22.449475 0.214154
835.000 22.826044 0.213887
836.000 22.457500 0.213536
837.000 22.624291 0.213235
838.000 22.505985 0.213103
839.000 22.422616 0.212934
840.000 21.758462 0.212887
841.000 22.400569 0.212834
842.000 22.244682 0.212870
843.000 22.246927 0.213031
844.000 22.217364 0.213319
845.000 22.387270 0.213708
846.000 22.625823 0.214091
847.000 22.236555 0.214233
848.000 22.679904 0.214166
849.000 22.633392 0.213957
850.000 22.044608 0.213847
851.000 22.325770 0.213668
852.000 22.363690 0.213657
853.000 22.386162 0.213799
854.000 21.867038 0.213884
855.000 22.451591 0.213941
856.000 22.639459 0.214086
857.000 22.517162 0.214326
858.000 22.753495 0.214562
859.000 22.603020 0.214763
860.000 22.682350 0.214823
861.000 22.692014 0.214735
862.000 22.766437 0.214698
863.000 22.662831 0.214781
864.000 22.694699 0.214987
865.000 22.887301 0.214987
866.000 23.116318 0.214892
867.000 22.426464 0.214563
868.000 22.417255 0.214223
869.000 22.272474 0.213941
870.000 22.382461 0.213728
871.000 22.596303 0.213554
872.000 22.272973 0.213372
873.000 22.292991 0.213173
874.000 22.502684 0.212909
875.000 22.143463 0.212558
876.000 22.440477 0.212357
877.000 22.094177 0.212141
878.000 22.386102 0.211945
879.000 21.887462 0.211913
880.000 22.325426 0.212174
881.000 22.127940 0.212565
882.000 22.263146 0.213180
883.000 22.464203 0.214010
884.000 22.946916 0.214887
885.000 23.292337 0.215517
886.000 23.353121 0.215878
887.000 23.085279 0.215953
888.000 22.855951 0.215839
889.000 22.994421 0.215578
890.000 22.950754 0.215285
891.000 22.699717 0.215041
892.000 22.747767 0.214912
893.000 22.723130 0.214818
894.000 22.506448 0.214516
895.000 22.411027 0.214151
896.000 22.200867 0.213771
897.000 21.945297 0.213336
898.000 21.926169 0.212833
899.000 22.197724 0.212201
900.000 22.061804 0.211552
901.000 21.614513 0.210725
902.000 21.424350 0.210068
903.000 21.613910 0.209312
904.000 21.194109 0.208561
905.000 21.647257 0.207998
906.000 21.010870 0.207674
907.000 21.289319 0.207529
908.000 21.271532 0.207435
909.000 21.151005 0.207519
910.000 21.140596 0.207715
911.000 21.512619 0.207948
912.000 21.395290 0.208121
913.000 21.402355 0.208325
914.000 21.489126 0.208460
915.000 21.550511 0.208615
916.000 21.405619 0.208808
917.000 21.703183 0.209041
918.000 21.906572 0.209439
919.000 21.391459 0.209834
920.000 21.549139 0.210151
921.000 21.977195 0.210316
922.000 21.478343 0.210460
923.000 22.423825 0.210704
924.000 21.926304 0.210855
925.000 22.002139 0.211025
926.000 21.806774 0.211255
927.000 21.739742 0.211490
928.000 21.610583 0.211759
929.000 22.496151 0.212098
930.000 22.206365 0.212399
931.000 22.179809 0.212729
932.000 22.384706 0.213106
933.000 22.726837 0.213608
934.000 22.669259 0.214172
935.000 22.882242 0.214575
936.000 22.809047 0.214889
937.000 22.949895 0.215087
938.000 23.124435 0.215260
939.000 22.587177 0.215359
940.000 22.776747 0.215273
941.000 22.760175 0.215046
942.000 22.670833 0.214917
943.000 22.569652 0.214802
944.000 23.064719 0.214918
945.000 22.946147 0.215135
946.000 22.810644 0.215336
947.000 22.934186 0.215569
948.000 23.155264 0.215803
949.000 22.411435 0.216044
950.000 22.914815 0.216168
951.000 23.084985 0.216172
952.000 22.982792 0.216245
953.000 22.676698 0.216264
954.000 22.861191 0.216158
955.000 23.118518 0.215983
956.000 22.723710 0.215967
957.000 23.011742 0.216171
958.000 22.996412 0.216433
959.000 23.243023 0.216640
